10	4	13	0.014188	0.0098988	0.0083956	0.005363	0.0047112	0.0025572	0.0024758	0.0017591	0.0015645	0.00064494	0.00067456	0.00085874	2.8471	23.894	50.696	59.956	64.917	67.806	69.587	70.728	71.96	72.649	73.035	73.156	73.335	73.277	73.264	73.119	72.9	72.526	71.992	70.496	68.99	62.501	56.506	3.5188	0.139	0.12646	0.10326	0.083986	0.068868	0.055013	0.047697	0.038219	0.032971	0.028988	0.02376	0.016719
10	4	17	0.014142	0.0098462	0.0083433	0.0053236	0.0046798	0.0025272	0.0024501	0.0017363	0.0015427	0.00063414	0.00066076	0.00085129	2.8208	24.22	56.219	74.548	83.264	87.858	90.652	92.221	94.276	95.345	95.928	95.98	96.392	96.3	96.294	96.029	95.752	95.21	94.346	92.04	89.736	77.066	60.845	3.5631	0.13849	0.12662	0.10339	0.084085	0.068822	0.054975	0.047702	0.038216	0.03295	0.028954	0.023728	0.016673
10	4	21	0.014076	0.0097842	0.0082836	0.0052782	0.0046393	0.0024966	0.002421	0.0017131	0.0015185	0.00062329	0.0006468	0.0008429	2.8038	24.262	58.498	84.481	98.288	105.43	109.74	111.72	114.82	116.38	117.17	117.17	117.84	117.66	117.69	117.35	116.98	116.23	114.98	111.77	108.28	84.51	61.4	3.576	0.13785	0.12653	0.10332	0.084021	0.068753	0.054809	0.04756	0.038135	0.032869	0.028873	0.023653	0.016599
10	4	25	0.014006	0.0097262	0.0082225	0.0052366	0.0045986	0.0024684	0.002394	0.0016923	0.0014969	0.00061334	0.00063478	0.00083488	2.7884	24.252	59.499	90.628	109.61	120.47	126.78	129.34	133.69	135.85	136.96	136.94	137.82	137.57	137.63	137.22	136.71	135.72	134.07	129.76	124.59	87.266	61.466	3.5823	0.13747	0.12616	0.1032	0.083925	0.068658	0.054705	0.047355	0.038017	0.032752	0.028783	0.023576	0.016529
10	4	29	0.013935	0.0096623	0.008127	0.0051977	0.0045596	0.0024431	0.0023696	0.0016733	0.0014774	0.0006042	0.00062454	0.00082753	2.7738	24.23	59.923	94.345	117.62	132.95	141.49	145.21	150.86	153.75	155.37	155.34	156.42	156.15	156.25	155.64	155.03	153.72	151.68	145.98	137.83	88.586	61.458	3.5823	0.13731	0.12592	0.10305	0.083765	0.068566	0.054578	0.047265	0.037928	0.032652	0.028697	0.023504	0.016466
10	4	33	0.013871	0.0096077	0.0080626	0.0051234	0.0045209	0.0024183	0.0023456	0.0016545	0.0014573	0.00059557	0.0006152	0.00082061	2.7598	24.215	60.102	96.641	123.1	143.03	153.8	159.14	166.29	170.01	172.35	172.37	173.69	173.37	173.54	172.64	171.95	170.18	167.39	159.87	147.11	89.499	61.42	3.5836	0.13712	0.12574	0.10295	0.083671	0.068476	0.054411	0.047139	0.037846	0.032566	0.028596	0.023427	0.016402
10	5	13	0.014168	0.0098799	0.0083789	0.0053514	0.004702	0.0025493	0.0024693	0.0017538	0.0015596	0.00064229	0.00067184	0.0008567	3.216	27.067	54.943	62.925	67.608	70.468	72.168	73.288	74.457	75.137	75.524	75.678	75.844	75.796	75.8	75.687	75.474	75.122	74.576	73.167	71.598	65.12	60.585	4.5214	0.13636	0.12629	0.10316	0.083915	0.068721	0.054905	0.047653	0.038183	0.032939	0.028955	0.023734	0.016696
10	5	17	0.014104	0.0098121	0.0083132	0.0053009	0.0046616	0.0025131	0.002437	0.0017261	0.001533	0.00062961	0.0006552	0.00084758	3.1776	27.677	62.968	79.638	87.479	91.829	94.463	95.992	97.961	99.02	99.623	99.724	100.11	100.07	100.06	99.861	99.564	99.047	98.222	95.958	93.524	81.758	68.804	4.6015	0.13544	0.12635	0.10321	0.083956	0.068721	0.054736	0.047576	0.038148	0.032889	0.028894	0.02368	0.01663
10	5	21	0.014021	0.0097383	0.0082323	0.0052501	0.0046126	0.002478	0.0024039	0.0017003	0.0015051	0.00061724	0.0006398	0.00083782	3.1556	27.793	66.353	92.266	104.61	111.08	114.97	116.86	119.84	121.37	122.2	122.25	122.91	122.79	122.84	122.54	122.18	121.47	120.24	116.96	113.46	92.254	70.119	4.6246	0.13475	0.12597	0.10309	0.083855	0.068619	0.054624	0.04739	0.038015	0.032754	0.028796	0.02359	0.016545
10	5	25	0.01394	0.0096653	0.0081225	0.005158	0.0045335	0.0024463	0.0023739	0.0016772	0.0014817	0.00060643	0.00062717	0.00082911	3.1356	27.761	67.875	100.93	118.68	128.11	133.76	136.1	140.21	142.32	143.41	143.45	144.36	144.11	144.23	143.89	143.4	142.48	140.8	136.48	131.42	96.871	70.316	4.6363	0.13414	0.12556	0.10289	0.083667	0.068504	0.054447	0.047211	0.037911	0.032642	0.02869	0.023503	0.016468
10	5	29	0.01384	0.0095299	0.0080292	0.0051061	0.0044662	0.0023629	0.0023011	0.0016347	0.0014572	0.00059552	0.00061389	0.00082063	3.1134	27.739	68.621	106.54	129.47	142.92	150.72	153.75	159.07	161.87	163.36	163.41	164.52	164.2	164.36	163.97	163.32	162.13	160.01	154.4	147.27	98.84	70.341	4.6434	0.13392	0.12524	0.10276	0.08355	0.068391	0.054283	0.047082	0.037809	0.032536	0.028563	0.023382	0.016389
10	5	33	0.013787	0.0095405	0.0079966	0.0050621	0.0044218	0.0023347	0.0022673	0.0015988	0.0014345	0.00058609	0.00060495	0.00081282	3.0946	27.69	68.975	110.15	137.36	155.5	165.62	169.81	176.44	179.99	182.11	182.19	183.48	183.16	183.37	182.8	181.99	180.5	177.97	170.82	159.86	99.931	70.379	4.6466	0.13373	0.12502	0.10263	0.083502	0.068281	0.054224	0.047019	0.037708	0.032436	0.02848	0.023328	0.016313
10	6	13	0.014153	0.0098661	0.0083656	0.0053422	0.0046953	0.0025436	0.0024643	0.0017499	0.0015559	0.00064058	0.00066973	0.00085524	3.5124	29.485	57.651	65.089	69.609	72.445	74.081	75.161	76.29	76.954	77.335	77.489	77.66	77.621	77.627	77.538	77.337	77.005	76.455	75.1	73.533	66.931	62.898	5.4865	0.13394	0.12617	0.10309	0.083869	0.06867	0.054773	0.047615	0.038158	0.032917	0.028931	0.023715	0.016679
10	6	17	0.014077	0.0097881	0.0082908	0.0052855	0.0046473	0.0025029	0.0024276	0.0017192	0.0015257	0.0006264	0.00065127	0.00084492	3.466	30.419	68.078	83.125	90.495	94.741	97.299	98.766	100.68	101.73	102.33	102.48	102.84	102.8	102.8	102.65	102.35	101.85	101.05	98.727	96.316	84.699	74.625	5.6097	0.13285	0.12615	0.10307	0.083868	0.068648	0.054639	0.047413	0.038077	0.032839	0.028851	0.023645	0.016597
10	6	21	0.013979	0.0096978	0.0081575	0.0051874	0.0045756	0.0024633	0.0023906	0.0016906	0.0014955	0.00061277	0.00063491	0.00083404	3.439	30.601	72.578	97.643	108.97	115.13	118.81	120.65	123.51	125.02	125.88	125.98	126.61	126.52	126.57	126.31	125.94	125.27	124.06	120.8	117.29	97.358	77.239	5.6538	0.13186	0.12558	0.10288	0.083728	0.068516	0.0545	0.04723	0.037945	0.032683	0.028736	0.023542	0.016505
10	6	25	0.013872	0.0095943	0.0080832	0.0051289	0.0044861	0.0023764	0.0023125	0.0016431	0.0014685	0.00060056	0.00062127	0.00082462	3.4142	30.627	74.673	108.45	124.81	133.5	138.74	141.01	144.92	147	148.12	148.2	149.12	148.88	149.03	148.72	148.27	147.38	145.69	141.39	136.22	104.22	77.672	5.6754	0.13134	0.1251	0.10268	0.083516	0.06838	0.05426	0.047057	0.037828	0.032562	0.028595	0.023414	0.016417
10	6	29	0.013805	0.0095562	0.0080142	0.0050749	0.0044354	0.0023435	0.002276	0.0016065	0.0014424	0.0005895	0.00060897	0.00081554	3.3896	30.561	75.654	115.94	137.76	149.91	157.1	159.86	164.93	167.63	169.14	169.26	170.39	170.04	170.25	169.94	169.23	168.18	165.99	160.25	152.78	106.92	77.815	5.6806	0.13122	0.12483	0.10239	0.083446	0.068252	0.054182	0.046976	0.037712	0.032447	0.028498	0.023344	0.016329
10	6	33	0.013721	0.0094901	0.0079478	0.0050273	0.0043907	0.0023124	0.0022469	0.0015823	0.001418	0.00057936	0.00059745	0.00080709	3.3664	30.526	76.153	120.92	147.84	164.31	173.81	177.32	183.63	187.05	189.08	189.25	190.54	190.13	190.43	190.04	189.16	187.79	185.04	177.81	167.3	108.22	77.876	5.7005	0.13051	0.12466	0.10206	0.083312	0.068128	0.054056	0.046852	0.037602	0.032332	0.028389	0.023249	0.016246
10	7	13	0.014143	0.0098562	0.0083563	0.0053361	0.0046903	0.0025394	0.0024607	0.0017471	0.0015532	0.0006393	0.00066815	0.00085418	3.7639	31.408	59.491	66.79	71.179	73.969	75.57	76.588	77.7	78.346	78.72	78.867	79.041	79.006	79.021	78.94	78.758	78.442	77.902	76.581	75.016	68.233	64.304	6.409	0.13165	0.12606	0.10303	0.08383	0.068642	0.054707	0.04753	0.038138	0.032899	0.028914	0.023702	0.016666
10	7	17	0.014049	0.0097615	0.0082428	0.0052735	0.0046369	0.0024953	0.0024207	0.0017142	0.0015206	0.00062407	0.00064848	0.00084294	3.7112	32.607	71.878	85.676	92.799	97.009	99.514	100.92	102.79	103.81	104.42	104.6	104.94	104.9	104.91	104.79	104.49	104.01	103.21	100.92	98.501	86.82	78.637	6.5884	0.13056	0.12593	0.10298	0.083794	0.068594	0.054594	0.047308	0.038029	0.032773	0.028821	0.023619	0.016576
10	7	21	0.01395	0.009675	0.008135	0.0051645	0.0045223	0.0024072	0.002357	0.0016828	0.0014888	0.0006096	0.00063147	0.00083145	3.68	32.855	77.642	101.57	112.22	118.2	121.8	123.57	126.36	127.86	128.72	128.85	129.47	129.39	129.44	129.22	128.84	128.19	127.02	123.74	120.18	100.96	83.177	6.6552	0.12956	0.12527	0.10271	0.08357	0.068435	0.054426	0.047101	0.037893	0.032635	0.02869	0.023506	0.016474
10	7	25	0.013832	0.0095248	0.0080222	0.0051052	0.0044657	0.0023631	0.0022948	0.0016224	0.0014588	0.00059628	0.00061513	0.00082121	3.6501	32.884	80.316	114.06	129.25	137.59	142.57	144.77	148.54	150.6	151.75	151.87	152.76	152.55	152.72	152.42	151.92	151.12	149.44	144.95	139.73	109.87	83.87	6.6894	0.1289	0.12473	0.10251	0.083385	0.068278	0.054173	0.04691	0.03776	0.032499	0.028537	0.023363	0.016376
10	7	29	0.013757	0.009519	0.0079783	0.0050495	0.0044135	0.0023274	0.0022611	0.0015946	0.0014303	0.00058463	0.00060355	0.00081143	3.624	32.844	81.628	123.19	143.77	155.11	161.89	164.52	169.44	172.08	173.6	173.76	174.91	174.54	174.81	174.51	173.82	172.8	170.51	164.78	157.17	113.51	84.105	6.7079	0.12855	0.12453	0.10201	0.083292	0.068133	0.054078	0.046816	0.037632	0.032367	0.028429	0.023285	0.016279
10	7	33	0.01367	0.0094498	0.0079104	0.0050001	0.0043641	0.0022952	0.0022312	0.0015702	0.0014048	0.00057439	0.0005918	0.00080257	3.5996	32.707	82.295	129.5	155.49	170.88	179.78	182.94	189.08	192.41	194.41	194.64	195.97	195.52	195.87	195.55	194.62	193.34	190.41	183.21	172.31	115.25	84.141	6.7304	0.12791	0.12435	0.10166	0.083146	0.067998	0.053944	0.046682	0.037515	0.032248	0.028309	0.023185	0.016193
10	8	13	0.014134	0.0098484	0.0083489	0.0053312	0.0046862	0.002536	0.0024578	0.0017448	0.001551	0.00063828	0.0006669	0.0008533	3.9848	32.939	60.846	68.156	72.448	75.123	76.724	77.708	78.821	79.442	79.813	79.966	80.133	80.104	80.127	80.05	79.879	79.583	79.052	77.775	76.201	69.288	65.369	7.2933	0.12947	0.12596	0.10299	0.083795	0.068617	0.054654	0.047458	0.038121	0.032884	0.028899	0.02369	0.016655
10	8	17	0.014033	0.0097448	0.0082084	0.0052254	0.0046166	0.0024888	0.0024151	0.0017103	0.0015167	0.00062224	0.00064638	0.00084142	3.9241	34.359	74.712	87.642	94.644	98.835	101.29	102.6	104.47	105.48	106.08	106.28	106.59	106.56	106.59	106.49	106.19	105.73	104.93	102.68	100.24	88.424	81.37	7.5237	0.12885	0.12568	0.1029	0.083737	0.068552	0.054558	0.04722	0.038001	0.032747	0.0288	0.023599	0.016559
10	8	21	0.013928	0.0096572	0.0081174	0.005153	0.0045108	0.0023924	0.0023238	0.0016496	0.0014835	0.00060721	0.00062881	0.00082953	3.8894	34.675	81.643	104.53	114.77	120.66	124.22	125.9	128.65	130.13	131	131.16	131.75	131.68	131.75	131.56	131.16	130.54	129.37	126.11	122.47	103.54	88.013	7.6358	0.12752	0.12499	0.1026	0.083471	0.068367	0.054327	0.046977	0.037852	0.032596	0.028654	0.023478	0.016451
10	8	25	0.013801	0.0094999	0.0079925	0.0050879	0.0044488	0.0023523	0.0022848	0.0016148	0.001451	0.00059309	0.00061172	0.00081849	3.8545	34.707	84.74	118.17	132.62	140.8	145.63	147.74	151.46	153.46	154.65	154.8	155.68	155.47	155.67	155.38	154.88	154.09	152.4	147.9	142.55	113.88	89.177	7.6811	0.12678	0.12448	0.1022	0.083279	0.068191	0.054099	0.046788	0.037703	0.032448	0.028488	0.023324	0.016342
10	8	29	0.013718	0.0094893	0.0079498	0.0050294	0.0043941	0.0023145	0.0022494	0.0015851	0.0014209	0.00058079	0.0005993	0.00080816	3.8268	34.638	86.373	128.7	148.18	159.17	165.69	168.21	173.03	175.63	177.17	177.36	178.51	178.14	178.43	178.14	177.47	176.46	174.16	168.41	160.55	119.09	89.457	7.7177	0.1261	0.12426	0.10148	0.082459	0.067806	0.053981	0.046674	0.037562	0.032303	0.028368	0.023236	0.016238
10	8	33	0.013611	0.0093451	0.0078417	0.0049778	0.0043421	0.0022811	0.002218	0.00156	0.0013936	0.00057013	0.00058657	0.00079874	3.7986	34.57	87.103	136.26	161.27	175.85	184.43	187.33	193.42	196.66	198.69	198.93	200.3	199.84	200.21	199.92	198.98	197.71	194.68	187.41	176.56	120.78	89.471	7.737	0.12568	0.12406	0.1013	0.082948	0.067885	0.053804	0.046498	0.037443	0.032179	0.028231	0.023104	0.016148
10	9	13	0.014127	0.0098419	0.0083429	0.0053268	0.0046826	0.0025329	0.0024553	0.0017427	0.0015491	0.00063728	0.0006657	0.00085243	4.1766	34.196	61.894	69.28	73.443	75.967	77.576	78.602	79.726	80.342	80.712	80.875	81.033	81.002	81.028	80.963	80.791	80.511	80.001	78.743	77.165	70.186	66.219	8.1252	0.12757	0.12585	0.10294	0.083764	0.068596	0.054631	0.047372	0.038106	0.032872	0.028886	0.02368	0.016645
10	9	17	0.014021	0.0097349	0.0081987	0.0052093	0.0045742	0.0024648	0.0024099	0.0017068	0.0015134	0.00062077	0.00064467	0.00084016	4.111	35.82	76.68	89.245	96.169	100.21	102.63	103.87	105.79	106.78	107.44	107.62	107.94	107.91	107.96	107.86	107.58	107.14	106.35	104.14	101.67	89.648	83.327	8.4314	0.12719	0.12547	0.10283	0.083696	0.068515	0.054531	0.047149	0.037981	0.032727	0.028782	0.023584	0.016546
10	9	21	0.013908	0.0096418	0.0081023	0.0051431	0.0045005	0.0023858	0.0023177	0.0016411	0.0014784	0.00060502	0.00062651	0.00082781	4.0718	36.166	84.963	106.87	116.83	122.68	126.2	127.64	130.47	131.86	132.84	132.98	133.59	133.51	133.61	133.47	133.07	132.46	131.31	128.04	124.3	105.39	91.828	8.5837	0.12577	0.12474	0.1025	0.083407	0.06831	0.054277	0.046864	0.037817	0.032565	0.028606	0.02344	0.016431
10	9	25	0.013775	0.0094792	0.0079728	0.0050737	0.0044381	0.0023434	0.0022766	0.0016084	0.0014446	0.00059046	0.00060892	0.00081624	4.0328	36.247	88.576	121.45	135.35	143.41	148.16	150.18	153.85	155.78	157.02	157.11	158.06	157.82	158.06	157.8	157.32	156.53	154.86	150.29	144.9	116.83	93.712	8.6542	0.12483	0.12426	0.10198	0.083194	0.068114	0.054039	0.046685	0.037658	0.032402	0.028448	0.023291	0.016315
10	9	29	0.013689	0.0094649	0.0079269	0.0050129	0.0043783	0.002304	0.00224	0.0015776	0.0014134	0.00057772	0.00059591	0.00080548	4.0015	36.236	90.496	133.05	151.69	162.44	168.82	171.22	175.97	178.53	180.12	180.26	181.46	181.08	181.4	181.11	180.45	179.45	177.14	171.37	163.5	123.39	94.033	8.6897	0.1242	0.124	0.10145	0.083063	0.067937	0.053917	0.046563	0.037509	0.032252	0.028322	0.023198	0.016207
10	9	33	0.013577	0.0093172	0.007816	0.0049594	0.0043234	0.0022697	0.0022074	0.0015517	0.0013846	0.00056675	0.00058298	0.00079568	3.9708	36.201	91.36	141.65	165.77	179.84	188.16	190.94	197.01	200.13	202.19	202.44	203.83	203.36	203.72	203.46	202.53	201.25	198.2	190.88	180.02	125.53	94.076	8.716	0.12376	0.12378	0.10112	0.082679	0.067783	0.05372	0.046381	0.037372	0.032116	0.028178	0.023058	0.01611
25	4	13	0.013879	0.0096273	0.0081248	0.005177	0.0045441	0.0024305	0.0023579	0.0016668	0.0014712	0.0006029	0.00062456	0.000823	2.7738	24.248	59.318	91.562	112.73	126.39	134.27	137.92	143.28	146.1	147.66	147.74	148.75	148.48	148.55	147.97	147.31	145.97	143.84	138.51	131.33	87.613	61.523	3.5475	0.13685	0.1254	0.10256	0.083405	0.068235	0.054343	0.04704	0.037749	0.032505	0.028563	0.023392	0.016392
25	4	17	0.013785	0.0095408	0.0080064	0.0050757	0.0044671	0.0023889	0.0023178	0.0016348	0.0014376	0.00058781	0.00060799	0.00081327	2.7476	24.173	60.051	97.233	125.42	149.24	162.2	169.81	178.61	183.6	186.89	187.3	188.88	188.44	188.65	187.48	186.3	183.83	179.45	169.83	151.86	89.69	61.461	3.5709	0.13685	0.1254	0.10268	0.083441	0.068274	0.054229	0.046972	0.037706	0.032433	0.028463	0.023302	0.016319
25	4	21	0.013698	0.0094138	0.0079162	0.0050197	0.0043925	0.0023412	0.0022862	0.0016085	0.0014116	0.00057732	0.00059566	0.00080492	2.7249	24.161	60.168	99.375	131.08	161.87	179.21	191.73	203.7	211.83	216.95	218.62	220.69	219.94	220.08	218.63	215.8	211.36	202.13	187.57	159.65	90.446	61.379	3.5773	0.13682	0.12529	0.10263	0.083381	0.068202	0.054142	0.046886	0.037618	0.032336	0.028367	0.023212	0.016243
25	4	25	0.013643	0.0093664	0.0078598	0.0049858	0.0043526	0.0022994	0.0022646	0.0015905	0.001394	0.00057037	0.00058818	0.0007991	2.7102	24.143	60.145	100.24	133.8	168.76	189.07	205.8	220.39	231.53	238.23	241.56	243.81	242.91	242.5	241	235.71	229.16	215.32	196.91	163.56	90.611	61.342	3.5821	0.1368	0.12519	0.10256	0.083316	0.068132	0.054067	0.046814	0.037547	0.03226	0.028295	0.023149	0.016187
25	4	29	0.013604	0.0093341	0.007828	0.0049627	0.0043259	0.0022802	0.0022417	0.0015785	0.0013818	0.00056569	0.00058318	0.00079523	2.7004	24.135	60.207	100.57	135.13	172.63	194.91	214.63	231.15	244.65	252.63	257.48	259.78	258.88	257.79	256.22	248.71	240.39	223.36	202.32	165.51	90.622	61.3	3.5855	0.13663	0.12512	0.10251	0.083267	0.068081	0.054014	0.046761	0.037497	0.032208	0.028244	0.023104	0.016147
25	4	33	0.013595	0.0093812	0.0078462	0.004947	0.0043093	0.0022682	0.0022271	0.0015704	0.0013734	0.00056255	0.00057986	0.00079259	2.6941	24.13	60.254	100.76	135.77	174.85	198.41	220.24	238.16	253.46	262.38	268.4	270.77	269.87	268.23	266.51	257.35	247.7	228.37	205.56	166.42	90.667	61.379	3.5859	0.13659	0.12508	0.10252	0.083296	0.068046	0.054023	0.046764	0.037462	0.032171	0.028222	0.023101	0.01612
25	5	13	0.013793	0.0095465	0.0080315	0.0050926	0.0044544	0.0023677	0.0023285	0.0016493	0.0014543	0.00059531	0.00061627	0.00081738	3.1176	27.749	67.764	102.94	123.66	135.92	143.23	146.49	151.64	154.43	155.93	156.07	157.14	156.84	156.97	156.55	155.86	154.64	152.45	147.11	140.25	97.59	70.388	4.5884	0.13357	0.12474	0.10227	0.083148	0.068064	0.054023	0.046862	0.037635	0.032389	0.028437	0.023281	0.016322
25	5	17	0.013704	0.0094758	0.0079376	0.005019	0.0043852	0.0023045	0.0022388	0.0015788	0.0014143	0.00057837	0.00059788	0.00080525	3.079	27.669	68.92	111.47	141.46	164.54	177.18	183.48	191.85	196.62	199.73	200.05	201.59	201.23	201.52	200.63	199.52	197.46	193.84	184.35	167.88	99.931	70.417	4.6262	0.13339	0.12468	0.10223	0.083251	0.068061	0.054025	0.046844	0.037558	0.032288	0.028349	0.023213	0.016225
25	5	21	0.013601	0.0093875	0.0078554	0.004956	0.0043214	0.0022642	0.0022004	0.0015467	0.0013816	0.00056554	0.0005834	0.00079443	3.0448	27.612	69.152	114.93	149.95	182.43	200.22	211.29	223.15	230.77	236.07	237.28	239.42	238.83	239.28	237.85	235.85	232.22	224.61	209.69	179.37	100.93	70.324	4.6389	0.13318	0.12458	0.102	0.083138	0.067944	0.053894	0.046714	0.037433	0.032151	0.028215	0.023096	0.016121
25	5	25	0.013504	0.0092489	0.0077517	0.0049081	0.0042686	0.0022334	0.0021697	0.0015218	0.001355	0.00055545	0.00057284	0.00078637	3.0227	27.589	69.046	116.42	154.21	192.86	214.78	230.84	245.84	256.66	264.19	267.02	269.67	268.79	269.07	267.51	263.38	257.53	244.24	223.72	183.83	101.1	70.193	4.6454	0.13291	0.12447	0.10179	0.082966	0.067835	0.053728	0.046562	0.037328	0.032027	0.028096	0.022967	0.016035
25	5	29	0.013442	0.0091999	0.0077041	0.0048743	0.0042306	0.0022102	0.0021477	0.0015038	0.0013353	0.0005484	0.00056557	0.00078119	3.0068	27.561	69.006	117.05	156.44	199.05	223.8	243.98	261.59	275.44	284.81	289.56	292.37	291.29	291.02	289.53	282.68	274.54	256.25	231.63	186.3	101.2	70.166	4.6451	0.13286	0.12437	0.10166	0.082873	0.067744	0.053632	0.046472	0.037247	0.031895	0.028014	0.022892	0.015969
25	5	33	0.013415	0.0092342	0.007707	0.0048509	0.0042057	0.0021913	0.0021328	0.0014917	0.0013219	0.00054365	0.00056059	0.00077792	2.9955	27.551	69.177	117.35	157.62	202.81	229.55	252.73	272.31	288.65	299.49	305.97	308.88	307.79	306.8	305.24	295.81	285.88	263.93	236.37	187.98	101.28	70.208	4.6523	0.13248	0.12429	0.10161	0.082865	0.067676	0.053604	0.046446	0.037188	0.03183	0.027964	0.022866	0.015925
25	6	13	0.013734	0.0094522	0.0079529	0.0050613	0.0044259	0.0023356	0.0022681	0.0016039	0.0014406	0.0005894	0.00060848	0.00081279	3.3939	30.585	74.598	111.59	131.29	142.73	149.61	152.72	157.68	160.42	161.95	162.16	163.26	162.96	163.11	162.76	162.04	160.93	158.7	153.3	146.27	105.52	77.73	5.5991	0.13088	0.12423	0.10204	0.082978	0.067924	0.053875	0.046711	0.03754	0.032301	0.028352	0.023209	0.016264
25	6	17	0.013617	0.0093506	0.0078481	0.0049813	0.0043488	0.0022815	0.0022174	0.0015612	0.0013974	0.00057159	0.00058993	0.00079927	3.3461	30.493	76.007	123.09	153.9	175.68	187.89	193.21	201.19	205.87	208.79	209.18	210.69	210.3	210.65	210	208.85	206.91	203.29	193.66	178.06	108.75	77.848	5.672	0.13014	0.12429	0.10181	0.082978	0.067889	0.053799	0.046615	0.037439	0.032173	0.028227	0.023096	0.016151
25	6	21	0.013493	0.0092432	0.0077483	0.0049067	0.0042689	0.0022337	0.0021709	0.0015235	0.0013572	0.00055618	0.00057376	0.00078658	3.3076	30.388	76.366	127.8	165.17	198.13	215.73	225.26	236.85	243.72	249.19	250.1	252.18	251.73	252.26	250.93	249.17	245.99	239.5	224.46	193.91	109.3	77.733	5.6865	0.12981	0.12413	0.10132	0.082815	0.06773	0.053629	0.046446	0.037283	0.031946	0.028065	0.022946	0.01602
25	6	25	0.0134	0.0092253	0.0077006	0.0048476	0.0042043	0.002191	0.0021327	0.0014926	0.001323	0.00054405	0.00056116	0.0007777	3.2772	30.349	76.555	129.86	170.87	212.16	234.72	249.23	264.44	274	282.36	284.73	287.48	286.54	287.21	285.55	282.21	276.78	264.77	243.4	201.26	109.72	77.626	5.6969	0.12936	0.12393	0.10109	0.082705	0.067565	0.053507	0.046317	0.037141	0.031791	0.027932	0.022843	0.015905
25	6	29	0.013326	0.0091647	0.0076411	0.0048066	0.0041618	0.0021579	0.0021059	0.0014709	0.0013002	0.00053386	0.0005521	0.00077166	3.2562	30.211	76.547	130.87	174.06	220.79	247.11	266.49	284.68	297.37	308.15	312.53	315.84	314.45	314.71	313.1	307.12	299.13	280.65	253.18	204.61	110.23	77.572	5.6979	0.12923	0.12378	0.10088	0.082533	0.067443	0.053381	0.046195	0.037038	0.031681	0.027832	0.022746	0.015825
25	6	33	0.013271	0.0091194	0.007597	0.0047767	0.004131	0.0021343	0.0020855	0.0014551	0.0012836	0.00052664	0.00054519	0.00076741	3.2411	30.281	76.536	131.27	175.88	226.2	255.1	278.36	299.07	314.49	327.5	333.91	337.48	335.69	335.37	333.74	324.66	314.26	290.46	259.1	207.1	110.27	77.524	5.6983	0.12904	0.12366	0.10076	0.082449	0.06735	0.053288	0.0461	0.03696	0.031596	0.02776	0.022672	0.015767
25	7	13	0.01369	0.0094178	0.0079196	0.005037	0.0044062	0.0023206	0.0022542	0.001593	0.0014295	0.00058465	0.00060387	0.00080908	3.6301	32.839	80.348	118.26	136.95	147.93	154.53	157.53	162.34	165.07	166.63	166.88	167.99	167.65	167.89	167.54	166.83	165.77	163.52	157.91	150.62	111.86	83.98	6.6009	0.1282	0.12393	0.10162	0.082826	0.067806	0.053774	0.046553	0.037462	0.032225	0.028285	0.023154	0.016218
25	7	17	0.01356	0.0093039	0.0078076	0.0049515	0.0043192	0.0022633	0.0022004	0.0015477	0.0013836	0.0005663	0.00058439	0.0007945	3.5733	32.67	82.194	132.54	163.31	184.05	195.81	200.41	208.28	212.72	215.65	216.13	217.66	217.23	217.62	217.12	215.86	213.99	210.15	200.82	184.92	115.56	84.123	6.6844	0.12765	0.12395	0.10117	0.082789	0.067744	0.053675	0.046433	0.037342	0.032072	0.028142	0.023023	0.01609
25	7	21	0.013417	0.009185	0.007693	0.0048682	0.0042272	0.002209	0.0021476	0.0015053	0.0013374	0.00054914	0.00056664	0.00078106	3.5297	32.56	82.687	138.51	177.34	210.09	227.45	235.59	247.06	253.1	258.74	259.63	261.69	261.24	261.75	260.61	258.76	255.56	249.53	234.14	205.48	116.58	84.007	6.7105	0.12709	0.12372	0.10091	0.082413	0.067544	0.053467	0.046218	0.037159	0.031823	0.027953	0.022849	0.015936
25	7	25	0.013303	0.0090912	0.0076008	0.0048051	0.0041615	0.0021583	0.0021066	0.0014721	0.0013016	0.00053415	0.00055254	0.00077167	3.4944	32.49	82.88	141.34	184.67	227.45	250.13	263	278.35	286.54	295.43	297.52	300.37	299.42	300.09	298.5	295.65	290.37	279.47	256.86	213.33	117	83.885	6.7254	0.12659	0.12349	0.1007	0.082139	0.067359	0.053284	0.046037	0.037006	0.031654	0.027806	0.022701	0.015812
25	7	29	0.013218	0.0090185	0.0075315	0.0047581	0.0041142	0.0021218	0.0020739	0.001447	0.001275	0.00052254	0.00054156	0.00076497	3.4681	32.453	82.81	142.68	188.6	238.46	265.71	283.65	302.22	313.45	324.99	329.27	332.85	331.2	332.05	330	324.87	316.96	298.53	268.84	215.47	117.42	83.819	6.7261	0.12639	0.12331	0.10066	0.082262	0.067224	0.053142	0.045853	0.036884	0.031516	0.027693	0.022585	0.015723
25	7	33	0.013146	0.0089623	0.0074773	0.0047209	0.0040758	0.0020961	0.002044	0.0014274	0.0012545	0.00051368	0.00053367	0.00075981	3.4487	32.46	82.687	143.23	190.92	245.5	276.04	298.55	319.9	334.14	348.14	354.61	358.73	356.39	356.72	354.43	346.44	335.61	310.93	276.51	217.08	117.35	83.783	6.7299	0.12623	0.12316	0.10041	0.082111	0.067104	0.053025	0.045736	0.036786	0.031364	0.027601	0.02249	0.01565
25	8	13	0.013675	0.00946	0.0079311	0.0050179	0.0043881	0.0023086	0.0022434	0.0015844	0.0014209	0.00058108	0.00060142	0.00080611	3.8367	34.658	84.96	123.28	141.22	152.05	158.46	161.36	166.1	168.79	170.38	170.67	171.77	171.44	171.7	171.37	170.67	169.62	167.28	161.73	154.2	116.76	89.313	7.5645	0.12608	0.12367	0.10136	0.082769	0.067706	0.053741	0.046462	0.037398	0.032165	0.028248	0.023139	0.01618
25	8	17	0.013514	0.0092664	0.0077731	0.0049268	0.0042943	0.0022482	0.0021859	0.0015366	0.0013718	0.0005618	0.00057973	0.00079057	3.7701	34.537	87.164	140.31	170.6	190.44	201.9	206.05	213.91	218.14	221.13	221.65	223.23	222.75	223.14	222.73	221.41	219.56	215.52	205.79	190.05	121.19	89.483	7.6871	0.12526	0.12365	0.10092	0.082468	0.067617	0.053571	0.046279	0.037263	0.031988	0.028072	0.022961	0.016039
25	8	21	0.013359	0.0091387	0.0076492	0.0048386	0.0041976	0.0021865	0.0021298	0.0014911	0.0013221	0.00054363	0.00056107	0.00077713	3.7208	34.429	87.807	147.51	187.19	219.32	236.4	243.5	254.79	260.39	266.09	267.05	269.16	268.65	269.15	268.25	266.41	263.14	257.06	240.85	213.55	122.43	89.359	7.7215	0.12462	0.12337	0.10068	0.082187	0.06739	0.053338	0.046041	0.037063	0.031724	0.02787	0.022769	0.015872
25	8	25	0.01324	0.0090387	0.0075523	0.0047733	0.0041302	0.0021342	0.0020859	0.0014561	0.001285	0.00052686	0.00054558	0.00076712	3.6819	34.344	87.976	150.88	195.98	239.38	262.23	273.65	288.76	296.32	305.15	307.18	310.13	309.15	309.98	308.27	305.53	300.56	289.94	266.9	219.74	123.23	89.233	7.7437	0.12407	0.12309	0.10046	0.081815	0.067191	0.053143	0.045802	0.036897	0.031542	0.027716	0.022606	0.015745
25	8	29	0.013137	0.0089558	0.007473	0.004719	0.0040735	0.0020947	0.0020437	0.0014272	0.0012548	0.00051345	0.00053362	0.00075937	3.6509	34.296	88.001	152.5	200.86	252.53	280.53	296.86	315.58	325.84	337.52	341.69	345.52	343.64	344.73	341.95	337.85	330.2	312.32	281.85	220.79	123.47	89.159	7.7497	0.12379	0.12288	0.10027	0.081696	0.067024	0.052976	0.045643	0.036759	0.031344	0.027585	0.022474	0.01564
25	8	33	0.013056	0.0088864	0.0074107	0.0046767	0.0040291	0.0020664	0.0020093	0.0014054	0.0012323	0.00050395	0.00052481	0.00075351	3.6266	34.265	87.977	153.32	203.68	261.15	293.04	314.49	336.16	349.47	363.47	370.31	374.75	371.93	372.74	369.25	362.58	351.98	326	289.66	221.98	123.34	89.076	7.7443	0.12363	0.12269	0.1001	0.081303	0.06687	0.052829	0.045507	0.03664	0.031222	0.027477	0.022362	0.015555
25	9	13	0.013645	0.009437	0.0079093	0.0050025	0.0043732	0.0022989	0.0022345	0.0015775	0.0014139	0.00057836	0.00059838	0.00080368	4.0135	36.184	88.974	127.35	144.67	155.38	161.7	164.52	169.2	171.76	173.45	173.6	174.85	174.48	174.79	174.5	173.83	172.78	170.42	164.79	157.18	120.44	93.909	8.4981	0.12427	0.12344	0.10111	0.082669	0.067616	0.05367	0.046353	0.037346	0.032114	0.028201	0.023102	0.016149
25	9	17	0.013475	0.0092347	0.0077445	0.0049063	0.0042723	0.0022355	0.0021738	0.0015272	0.0013619	0.00055807	0.00057596	0.00078753	3.9391	36.147	91.468	146.61	176.38	195.54	206.68	210.64	218.52	222.55	225.59	226.12	227.79	227.26	227.64	227.3	226.01	223.93	219.86	210.19	193.99	126.02	94.043	8.664	0.12318	0.12334	0.10075	0.082209	0.067503	0.053474	0.04616	0.037176	0.031877	0.028011	0.022908	0.015993
25	9	21	0.013318	0.0091056	0.0076173	0.0048173	0.0041761	0.00217	0.0021163	0.0014805	0.0013111	0.00053864	0.00055667	0.00077399	3.8856	36.055	92.259	155.03	195.31	226.5	243.55	249.74	260.92	266.34	272.03	272.99	275.19	274.64	275.16	274.14	272.44	269.1	262.7	246.46	217.19	127.58	93.979	8.7084	0.12254	0.12304	0.1005	0.082042	0.067273	0.053238	0.045886	0.036956	0.03165	0.027809	0.022707	0.015824
25	9	25	0.013186	0.0089986	0.0075134	0.0047474	0.0041028	0.0021146	0.0020675	0.0014433	0.0012722	0.00052101	0.00054024	0.00076335	3.8425	35.964	92.491	158.87	205.62	249.06	271.76	281.98	296.85	304.14	312.61	314.87	317.75	316.78	317.71	315.7	313.28	308.35	297.65	273.42	224.42	127.79	93.808	8.7152	0.12222	0.12276	0.10026	0.081372	0.066872	0.053018	0.045687	0.036771	0.031452	0.027645	0.022534	0.015689
25	9	29	0.013073	0.0089029	0.0074263	0.0046876	0.0040405	0.002074	0.0020191	0.0014124	0.0012396	0.00050749	0.00052808	0.00075525	3.806	35.886	92.56	160.75	211.15	264.28	292.51	307.5	326.12	335.84	347.06	351.21	355.26	353.21	354.44	351.04	347.43	340.22	322.43	290.38	224.84	128.46	93.744	8.7265	0.12177	0.12248	0.10003	0.081158	0.066394	0.052809	0.045504	0.036614	0.031235	0.027494	0.022379	0.015572
25	9	33	0.012986	0.0088265	0.0073627	0.0046432	0.0039938	0.0020434	0.0019856	0.001384	0.0012155	0.00049816	0.00051929	0.00075019	3.7805	35.854	92.523	161.66	214.27	274.31	307.01	327.21	348.75	361.25	375.24	381.75	386.54	383.31	384.77	381.13	374.38	364.12	338.39	299.38	224.91	128.57	93.677	8.7115	0.12167	0.1223	0.099857	0.081002	0.066067	0.052487	0.045362	0.036487	0.031107	0.027383	0.022263	0.015484
40	4	13	0.013685	0.0094487	0.0079445	0.0050303	0.0044206	0.002362	0.0022923	0.0016163	0.0014198	0.00058117	0.0006013	0.00080601	2.7337	24.175	60.005	97.598	126.93	153.6	168.36	178.08	188.26	194.56	198.68	199.62	201.42	200.85	201.05	199.71	198.01	194.65	188.44	176.85	154.55	89.794	61.498	3.5498	0.1363	0.12482	0.10221	0.083049	0.067943	0.053951	0.046727	0.0375	0.032244	0.028296	0.023156	0.016215
40	4	17	0.013635	0.0093616	0.0078614	0.0049866	0.0043574	0.0023035	0.0022643	0.0015918	0.0013963	0.00057126	0.0005903	0.00079925	2.7129	24.122	60.15	99.917	133.01	167.4	187.36	203.85	218.25	229.28	235.89	239.2	241.44	240.54	240.14	238.69	233.46	227.05	213.43	195.39	162.7	90.529	61.37	3.5721	0.13655	0.12501	0.10241	0.083194	0.068036	0.053998	0.046752	0.0375	0.032221	0.028265	0.023123	0.016173
40	4	21	0.013596	0.0093261	0.007825	0.0049606	0.0043266	0.0022776	0.0022394	0.0015769	0.0013821	0.00056561	0.00058436	0.00079501	2.6987	24.129	60.131	100.54	135.17	173.2	195.96	216.68	233.83	248.25	256.66	262.15	264.47	263.57	262.18	260.57	252.2	243.23	225.09	203.36	165.7	90.471	61.269	3.5813	0.13654	0.12503	0.10244	0.083205	0.068032	0.053976	0.046725	0.037469	0.032179	0.028226	0.023085	0.016137
40	4	25	0.013589	0.0093745	0.0078432	0.0049453	0.0043099	0.0022643	0.002222	0.0015684	0.0013738	0.00056239	0.00058096	0.00079247	2.6915	24.128	60.247	100.74	135.93	175.77	200.03	223.19	242.03	258.64	268.2	275.14	277.55	276.65	274.58	272.74	262.37	251.8	230.91	207.01	166.87	90.764	61.373	3.5838	0.13653	0.12502	0.10248	0.083258	0.068014	0.053999	0.04674	0.037443	0.032149	0.02821	0.023087	0.016112
40	4	29	0.013575	0.0093627	0.0078311	0.0049367	0.0043006	0.0022599	0.0022194	0.0015638	0.001369	0.00056055	0.0005791	0.00079109	2.6872	24.122	60.273	100.89	136.18	176.9	201.97	226.55	246.4	264.37	274.56	282.54	285.01	284.12	281.6	279.62	267.96	256.38	233.82	208.77	167.34	90.679	61.389	3.5829	0.13655	0.12502	0.10247	0.083249	0.068003	0.053985	0.046726	0.037428	0.032129	0.028193	0.023072	0.016099
40	4	33	0.013567	0.009356	0.0078247	0.0049319	0.0042951	0.0022539	0.0022083	0.001561	0.0013663	0.00055949	0.00057804	0.00079029	2.685	24.117	60.273	101.03	136.42	177.39	202.77	228.3	248.75	267.48	278.11	286.8	289.31	288.42	285.63	283.54	271.13	258.81	235.41	209.6	167.49	90.778	61.39	3.5834	0.13654	0.12501	0.10246	0.083243	0.067996	0.053975	0.046717	0.037419	0.032116	0.028183	0.023063	0.01609
40	5	13	0.013604	0.0093993	0.0078711	0.0049731	0.0043437	0.0022773	0.0022127	0.0015591	0.0013959	0.00057111	0.00059096	0.00079742	3.063	27.667	68.873	112.29	144.17	171.28	186.08	194.55	204.51	210.55	214.66	215.36	217.16	216.74	217.07	215.91	214.38	211.67	206.59	194.86	172.82	100.18	70.442	4.5957	0.13298	0.12409	0.10168	0.082828	0.067706	0.053727	0.046577	0.037337	0.032085	0.028167	0.023061	0.016111
40	5	17	0.013515	0.0093176	0.0077928	0.0049117	0.0042775	0.0022352	0.0021718	0.0015245	0.0013606	0.00055732	0.00057602	0.00078727	3.026	27.561	69.148	115.94	153.19	191.23	212.85	228.8	243.7	254.51	262	264.89	267.52	266.65	266.93	265.36	261.24	255.46	242.3	222.09	182.98	101.02	70.314	4.6293	0.13279	0.12428	0.10169	0.082905	0.067739	0.053708	0.046542	0.037286	0.03195	0.028083	0.022976	0.016026
40	5	21	0.013448	0.0092608	0.007738	0.0048712	0.0042298	0.0022078	0.0021453	0.0015021	0.0013365	0.00054864	0.00056696	0.0007808	3.0052	27.56	69.096	117.07	156.65	200.3	225.93	247.71	266.33	281.58	291.7	297.46	300.32	299.23	298.57	297.07	288.83	279.73	259.47	233.46	186.73	101.26	70.246	4.6396	0.13272	0.12426	0.10161	0.082861	0.067684	0.053629	0.046469	0.037215	0.031864	0.028003	0.0229	0.015957
40	5	25	0.013407	0.0092281	0.0077049	0.0048475	0.0042044	0.0021892	0.00213	0.0014893	0.0013225	0.00054352	0.00056164	0.00077705	2.993	27.55	69.15	117.41	158.03	204.65	232.62	258.01	279.05	297.42	309.38	317.37	320.38	319.19	317.52	315.9	304.56	293.06	268.32	238.91	188.48	101.25	70.174	4.65	0.13238	0.12422	0.10154	0.082815	0.067635	0.053574	0.046414	0.037166	0.031806	0.027949	0.022851	0.015915
40	5	29	0.013383	0.0092079	0.0076847	0.0048334	0.0041899	0.0021775	0.0021208	0.0014816	0.0013142	0.00054041	0.00055841	0.00077496	2.9861	27.538	69.189	117.55	158.56	206.8	236.06	263.74	286.29	306.87	319.99	329.52	332.66	331.41	328.95	327.17	313.75	300.77	273.2	241.82	189.41	101.35	70.239	4.6515	0.13234	0.12418	0.1015	0.082783	0.067602	0.053537	0.04638	0.037134	0.031771	0.027917	0.022821	0.01589
40	5	33	0.013369	0.0091962	0.0076732	0.0048252	0.0041814	0.0021706	0.0021154	0.0014772	0.0013095	0.00053862	0.00055657	0.00077381	2.982	27.529	69.207	117.69	158.8	207.88	237.9	266.97	290.49	312.48	326.33	336.98	340.2	338.94	335.92	334.07	319.21	305.17	275.8	243.2	189.92	101.43	70.238	4.6516	0.13234	0.12416	0.10148	0.082764	0.067582	0.053516	0.04636	0.037116	0.031751	0.027897	0.022804	0.015875
40	6	13	0.013508	0.0092659	0.0077766	0.0049313	0.0043029	0.0022518	0.0021887	0.0015396	0.0013773	0.00056362	0.00058265	0.00079077	3.33	30.475	75.979	124.43	157.96	184.48	199.05	206.39	215.97	221.85	225.83	226.51	228.29	227.91	228.3	227.34	225.88	223.36	218.57	206.71	184.81	108.72	77.865	5.6248	0.1298	0.12366	0.10104	0.082526	0.067511	0.053486	0.04633	0.037204	0.031951	0.028036	0.022931	0.016027
40	6	17	0.013401	0.0092276	0.007709	0.0048526	0.004213	0.0021981	0.0021367	0.0014961	0.0013305	0.00054643	0.00056478	0.00077808	3.2822	30.249	76.533	129.29	169.67	210.38	232.67	247.24	262.41	272.16	280.45	282.93	285.67	284.75	285.42	283.74	280.32	274.93	262.87	241.75	200.31	109.66	77.689	5.6764	0.12919	0.12373	0.10094	0.082582	0.06747	0.053444	0.046264	0.037102	0.031762	0.027913	0.022829	0.015901
40	6	21	0.013316	0.0091567	0.0076377	0.0048022	0.00416	0.002156	0.0021034	0.0014686	0.0013002	0.00053514	0.00055327	0.00077074	3.2541	30.291	76.525	130.85	174.53	222.85	250.44	272	291.57	305.93	317.82	323.45	326.93	325.24	325.35	323.67	316.07	306.7	285.19	255.54	205.36	110.22	77.582	5.6847	0.12912	0.12365	0.10077	0.082449	0.067373	0.05333	0.046144	0.037002	0.031647	0.027807	0.022726	0.015812
40	6	25	0.013259	0.0091086	0.0075922	0.004771	0.0041274	0.0021294	0.002083	0.0014517	0.0012825	0.00052732	0.00054629	0.00076656	3.2365	30.274	76.491	131.41	176.56	229.11	259.87	286.06	308.81	326.74	341.44	349.95	353.6	351.66	350.35	348.91	336.71	324.27	296.56	262.55	208.11	110.11	77.502	5.6974	0.12884	0.12357	0.10068	0.082315	0.0673	0.053226	0.04601	0.036931	0.031567	0.027739	0.022653	0.015755
40	6	29	0.013223	0.0090796	0.007564	0.0047517	0.0041073	0.0021141	0.0020697	0.0014415	0.0012717	0.00052261	0.00054175	0.00076395	3.2262	30.263	76.572	131.62	177.44	232.38	264.97	294.29	319.03	339.65	356.13	366.58	370.45	368.21	365.91	364.47	348.9	334.34	302.86	266.1	209.04	110.33	77.51	5.6992	0.12881	0.12352	0.10063	0.082243	0.067249	0.053161	0.045935	0.036885	0.031513	0.027693	0.022602	0.01572
40	6	33	0.0132	0.0090573	0.0075464	0.0047403	0.0040952	0.0021058	0.0020601	0.0014352	0.0012651	0.0005196	0.00053886	0.00076228	3.2195	30.251	76.602	131.76	177.82	234.11	267.83	299.12	325.24	347.75	365.28	377.33	381.22	378.6	375.74	374.29	356.48	340.46	306.33	267.94	209.22	110.39	77.531	5.7003	0.12882	0.12348	0.1006	0.082206	0.067218	0.053126	0.045899	0.036857	0.03148	0.027662	0.022569	0.015698
40	7	13	0.013441	0.0092126	0.0077282	0.0048963	0.0042676	0.0022306	0.0021686	0.0015237	0.0013611	0.00055747	0.00057636	0.00078552	3.5563	32.639	82.164	134.44	168.67	194.5	208.83	215.15	224.71	230.21	234.23	234.97	236.72	236.35	236.77	235.99	234.42	231.95	227.08	215.18	194.06	115.63	84.141	6.631	0.12711	0.12328	0.10055	0.082282	0.06734	0.053339	0.046124	0.037091	0.031789	0.027933	0.022841	0.015952
40	7	17	0.013305	0.0090953	0.0076108	0.0048103	0.0041707	0.0021661	0.0021114	0.0014761	0.0013088	0.00053813	0.00055643	0.00077194	3.4981	32.511	82.819	140.64	183.38	225.62	248.14	261.17	276.55	285.01	293.89	296.12	298.97	298.06	298.69	297.07	293.97	288.75	277.8	255.33	212.23	116.9	83.953	6.7003	0.12639	0.12329	0.10054	0.082031	0.067263	0.053221	0.045977	0.036966	0.031627	0.027784	0.022693	0.015811
40	7	21	0.013203	0.0090085	0.007526	0.0047517	0.0041103	0.0021169	0.0020723	0.0014438	0.0012743	0.00052337	0.00054273	0.00076391	3.4652	32.456	82.742	142.65	189.24	241.42	270.35	290.96	311.13	324.16	337.11	342.71	346.59	344.67	345.12	342.83	336.21	326.76	304.79	272.36	215.86	117.01	83.831	6.7181	0.12619	0.12317	0.10052	0.08217	0.067149	0.053086	0.045797	0.036843	0.031476	0.027663	0.02256	0.015707
40	7	25	0.013131	0.0089492	0.0074685	0.0047137	0.0040695	0.002089	0.0020412	0.0014224	0.0012519	0.00051363	0.00053334	0.00075834	3.4414	32.444	82.65	143.43	191.92	249.59	282.37	308.78	332.52	349.77	365.79	374.77	379.24	376.35	375.85	373.25	361.57	348.18	318.13	281.13	217.16	117.13	83.755	6.7306	0.12597	0.12305	0.10032	0.081928	0.067041	0.052979	0.045689	0.036749	0.031326	0.027572	0.022465	0.015634
40	7	29	0.013087	0.0089113	0.0074335	0.0046897	0.0040438	0.0020721	0.0020207	0.0014093	0.0012385	0.00050828	0.00052817	0.000755	3.4277	32.425	82.697	143.69	193.09	253.88	289.18	319.39	345.26	365.96	383.85	395.83	400.14	396.72	394.71	392.37	376.87	360.42	324.9	285.52	216.67	117.26	83.678	6.7327	0.12588	0.12297	0.10024	0.081785	0.06697	0.052908	0.045622	0.036689	0.031261	0.027517	0.022407	0.015589
40	7	33	0.013057	0.0088846	0.0074111	0.0046743	0.0040276	0.002061	0.0020075	0.0014006	0.001229	0.00050436	0.00052479	0.00075273	3.4193	32.408	82.746	143.79	193.68	256.27	293.08	325.81	353.19	376.25	395.41	409.34	413.8	409.53	406.59	404.47	385.75	367.58	329.01	288.07	217.7	117.29	83.715	6.729	0.1259	0.12292	0.10019	0.081711	0.066922	0.052862	0.045577	0.03665	0.031219	0.02748	0.022369	0.015559
40	8	13	0.013389	0.0091712	0.0076907	0.0048693	0.0042384	0.0022137	0.0021526	0.0015111	0.001348	0.0005527	0.00057146	0.00078149	3.7523	34.509	87.198	142.83	177.21	202.2	216.3	222.02	231.6	236.64	240.84	241.7	243.49	243.03	243.43	242.85	241.13	238.51	233.44	221.43	200.43	121.58	89.494	7.6292	0.12452	0.12293	0.10033	0.081886	0.067193	0.053217	0.045953	0.036999	0.031698	0.027852	0.022771	0.015894
40	8	17	0.013243	0.0090447	0.0075642	0.0047793	0.0041405	0.0021422	0.0020926	0.0014609	0.0012931	0.00053129	0.00055015	0.00076768	3.6848	34.382	87.889	150.12	194.61	237.6	260.29	272	287.21	294.99	303.97	306.19	309.13	308.2	308.91	307.26	304.4	299.27	288.44	265.26	218.64	122.96	89.305	7.706	0.12397	0.12291	0.1003	0.081514	0.06709	0.053079	0.045745	0.036859	0.031518	0.027696	0.0226	0.015745
40	8	21	0.013118	0.0089406	0.0074627	0.0047098	0.0040663	0.0020876	0.0020414	0.0014227	0.001253	0.00051432	0.00053385	0.00075801	3.6454	34.274	87.997	152.63	201.73	256.38	286.5	305.79	326.26	338.35	351.5	357.09	361.47	359.05	359.99	356.97	351.38	341.88	319.77	286.19	220.82	123.43	89.121	7.7284	0.12371	0.12273	0.10013	0.081516	0.066934	0.052907	0.045578	0.036708	0.031295	0.027547	0.022442	0.01562
40	8	25	0.013034	0.0088669	0.0073975	0.0046659	0.0040189	0.002056	0.0020029	0.0013979	0.0012273	0.00050321	0.00052392	0.00075128	3.6174	34.242	87.935	153.57	204.94	266.33	301.05	327.04	351.27	367.87	384.15	393.95	398.68	395.09	394.81	392.24	380.83	367.36	334.64	294.15	222.64	123.15	89.002	7.7271	0.1236	0.12258	0.099993	0.081107	0.066695	0.052768	0.045449	0.036595	0.031173	0.02744	0.022329	0.015534
40	8	29	0.012983	0.0088238	0.0073598	0.0046389	0.0039904	0.0020374	0.0019828	0.0013794	0.0012123	0.00049663	0.00051862	0.00074776	3.602	34.225	87.935	153.93	206.4	271.72	309.36	339.94	366.71	386.69	405.33	418.14	423.03	418.91	416.98	414.66	397.48	380.81	342.59	299.06	220.74	123.17	88.944	7.7372	0.1233	0.12247	0.0999	0.081023	0.066508	0.052684	0.045371	0.036526	0.031097	0.027376	0.022263	0.015482
40	8	33	0.012954	0.0087982	0.0073383	0.0046236	0.0039745	0.0020267	0.0019713	0.0013684	0.0012035	0.0004932	0.0005148	0.00074565	3.5917	34.213	88.005	154.03	207.07	274.76	314.25	347.9	376.4	398.74	418.5	434.56	438.71	434.05	430.6	428.97	407.48	389.34	347.11	301.38	219.93	123.16	89.003	7.7374	0.12328	0.12242	0.099848	0.080975	0.066499	0.052636	0.045324	0.036484	0.031052	0.027339	0.022223	0.015451
40	9	13	0.013346	0.009137	0.0076589	0.0048468	0.0042138	0.0021998	0.0021395	0.0015007	0.0013371	0.00054869	0.00056735	0.00077812	3.9204	36.12	91.522	149.71	184.04	208.4	222.23	227.58	237.21	241.91	246.31	247.18	249.02	248.5	248.91	248.44	246.69	244.06	238.47	226.55	205.22	126.35	94.094	8.7002	0.12221	0.1226	0.10014	0.08159	0.067064	0.053109	0.045825	0.036894	0.03162	0.027785	0.022712	0.015846
40	9	17	0.013189	0.0090044	0.0075252	0.0047537	0.0041133	0.0021209	0.0020763	0.001448	0.0012799	0.00052543	0.00054484	0.0007641	3.8453	35.999	92.38	158.05	204.23	247.25	269.97	280.56	295.52	303.19	311.77	314.18	317.09	316.12	317.01	315.05	312.43	307.17	296.3	272.31	223.57	127.64	93.877	8.6715	0.12213	0.12256	0.10009	0.081243	0.066719	0.052954	0.045632	0.036728	0.031429	0.027623	0.022526	0.015689
40	9	21	0.013051	0.0088836	0.0074142	0.0046777	0.0040317	0.0020661	0.002016	0.0014071	0.001237	0.00050778	0.00052802	0.00075366	3.7989	35.878	92.511	160.93	212.19	268.96	299.69	317.72	338.1	349.59	362.49	367.96	372.52	370.05	371.34	367.65	362.27	353.58	331.1	295.25	225.36	128.44	93.753	8.7131	0.12153	0.12229	0.099884	0.081046	0.066124	0.052541	0.045434	0.036556	0.031183	0.027453	0.022344	0.015549
40	9	25	0.012962	0.0088087	0.0073476	0.0046306	0.0039819	0.0020328	0.0019781	0.0013756	0.0012095	0.00049595	0.00051787	0.00074698	3.7704	35.82	92.551	162	215.63	280.55	316.58	341.93	366.46	382.16	398.3	407.55	413.73	409.24	409.81	406.77	395.13	381.66	347.84	304.24	223.49	128.29	93.553	8.7038	0.12155	0.12216	0.099733	0.080903	0.065986	0.052426	0.0453	0.036434	0.03105	0.02734	0.022226	0.015459
40	9	29	0.012908	0.0087621	0.0073078	0.0046027	0.0039535	0.0020134	0.0019579	0.0013557	0.0011937	0.00048928	0.00051111	0.00074247	3.7527	35.811	92.442	162.44	217.33	286.95	326.2	356.97	384.16	403.4	422.2	434.97	441.64	435.68	434.29	432.33	413.58	397.01	355.05	307.49	222.13	128.14	93.326	8.6708	0.12146	0.12199	0.099629	0.080808	0.065897	0.052314	0.045213	0.036354	0.03097	0.027272	0.022156	0.015405
40	9	33	0.012875	0.0087313	0.0072829	0.0045849	0.0039354	0.0020008	0.0019449	0.0013422	0.0011844	0.0004854	0.00050742	0.00074004	3.7421	35.797	92.5	162.62	218.12	290.45	331.72	366.2	395.07	417.11	436.93	452.49	458.39	452.69	449.75	445.35	424.66	406.15	359.88	309.25	222.7	127.86	93.123	8.7803	0.12126	0.12194	0.099561	0.080749	0.06584	0.052252	0.04516	0.036307	0.030923	0.02723	0.022113	0.015371
55	4	13	0.013596	0.0093372	0.0078488	0.0049769	0.0043538	0.0023081	0.0022606	0.0015905	0.0013959	0.00057095	0.00059071	0.00079742	2.7121	24.12	60.125	99.345	131.69	164.9	184.07	199.68	213.49	223.89	230.18	233.16	235.38	234.5	234.23	232.77	228.1	222.15	209.56	192.42	161.18	90.411	61.437	3.5497	0.13618	0.12439	0.10128	0.082566	0.067772	0.053799	0.046582	0.037367	0.032109	0.028172	0.023046	0.016124
55	4	17	0.013582	0.0093158	0.0078197	0.0049562	0.0043246	0.0022746	0.0022367	0.0015754	0.0013815	0.00056516	0.0005847	0.00079417	2.6987	24.123	60.069	100.49	135.06	173.22	196.13	217.27	234.68	249.53	258.13	263.93	266.26	265.37	263.82	262.2	253.41	244.16	225.54	203.53	165.62	90.498	61.314	3.5736	0.13641	0.12488	0.10231	0.083099	0.067945	0.05391	0.046665	0.037421	0.032138	0.028192	0.023056	0.016118
55	4	21	0.013583	0.0093702	0.0078407	0.0049438	0.0043102	0.002262	0.0022189	0.0015674	0.0013741	0.00056223	0.00058167	0.00079218	2.6901	24.129	60.231	100.7	135.94	176.16	200.75	224.6	243.78	261.24	271.16	278.59	281.02	280.13	277.82	275.92	264.88	253.79	232.09	207.66	167	90.635	61.343	3.5815	0.13646	0.12496	0.10242	0.083214	0.067979	0.053972	0.046715	0.037423	0.032128	0.028197	0.023075	0.016105
55	4	25	0.013575	0.0093625	0.0078325	0.0049375	0.0043032	0.0022587	0.0022174	0.0015637	0.0013704	0.0005608	0.00058017	0.00079119	2.686	24.123	60.274	100.92	136.19	177.18	202.5	227.75	248.05	266.69	277.21	285.68	288.17	287.29	284.55	282.48	270.19	258.14	234.82	209.25	167.45	90.671	61.395	3.5811	0.13653	0.12499	0.10244	0.083229	0.067987	0.053974	0.046715	0.03742	0.032118	0.02819	0.023068	0.016097
55	4	29	0.013571	0.0093587	0.0078288	0.0049346	0.0042998	0.0022539	0.0022079	0.0015616	0.0013686	0.00056011	0.00057945	0.00079072	2.6841	24.117	60.275	101.06	136.53	177.6	203.12	228.98	249.78	269.15	280.06	289.17	291.73	290.81	287.85	285.65	272.71	260.09	235.95	209.86	167.31	90.758	61.384	3.5822	0.13656	0.125	0.10245	0.083236	0.067991	0.053975	0.046715	0.037419	0.032115	0.028187	0.023064	0.016094
55	4	33	0.01357	0.0093576	0.0078276	0.0049335	0.0042985	0.0022531	0.0022069	0.0015609	0.001368	0.00055985	0.00057918	0.00079058	2.6834	24.118	60.263	101.06	136.75	177.97	203.65	229.58	250.41	270	280.92	290.6	293.16	292.29	289.1	287.01	273.44	260.34	235.94	209.6	167.78	90.76	61.381	3.5833	0.13653	0.125	0.10246	0.08324	0.067994	0.053976	0.046716	0.037419	0.032114	0.028186	0.023064	0.016093
55	5	13	0.013482	0.0092985	0.0077802	0.0049054	0.0042772	0.0022338	0.0021709	0.0015251	0.0013636	0.00055802	0.00057744	0.00078603	3.0307	27.602	69.07	115.13	151.42	187.97	208.64	223.67	237.92	248.22	255.24	257.85	260.39	259.6	259.91	258.33	254.65	249.32	237.47	218.37	181.78	100.78	70.382	4.5967	0.13252	0.12379	0.10132	0.082588	0.067485	0.053513	0.046376	0.037157	0.031846	0.027996	0.022905	0.015984
55	5	17	0.013434	0.0092515	0.0077325	0.0048676	0.0042288	0.0022054	0.0021435	0.0015009	0.0013374	0.00054863	0.00056764	0.00078019	3.0049	27.531	69.114	116.99	156.56	200.58	226.55	249.11	268.21	284.2	294.68	300.98	303.86	302.79	301.89	300.41	291.45	281.83	260.6	234.01	186.84	101.24	70.258	4.6323	0.13243	0.12408	0.10146	0.082745	0.06759	0.05356	0.046406	0.037166	0.031822	0.027969	0.022872	0.01594
55	5	21	0.013401	0.0092241	0.0077037	0.004846	0.0042041	0.002189	0.002129	0.0014885	0.0013239	0.00054362	0.00056241	0.0007769	2.9922	27.55	69.111	117.41	158.18	205.51	234.09	260.68	282.52	302.1	314.68	323.55	326.61	325.41	323.28	321.64	309.1	296.83	270.55	240.2	188.77	101.27	70.137	4.6459	0.1323	0.12413	0.10147	0.082762	0.067592	0.053541	0.046385	0.037144	0.031786	0.027937	0.022839	0.015909
55	5	25	0.013384	0.0092092	0.0076884	0.0048346	0.0041924	0.0021793	0.0021215	0.0014822	0.0013172	0.00054108	0.00055977	0.00077516	2.9857	27.543	69.199	117.55	158.67	207.49	237.33	266.12	289.44	311.22	324.95	335.41	338.6	337.36	334.43	332.6	317.97	304.13	275.07	242.75	189.65	101.33	70.243	4.6485	0.13233	0.12414	0.10147	0.082759	0.067583	0.053526	0.046369	0.037127	0.031765	0.027915	0.02282	0.015891
55	5	29	0.013376	0.0092019	0.0076808	0.0048293	0.0041868	0.0021746	0.0021179	0.001479	0.0013137	0.00053979	0.00055843	0.0007743	2.9826	27.537	69.208	117.76	158.9	208.33	238.74	268.74	292.89	315.86	330.26	341.67	344.89	343.71	340.28	338.3	322.45	307.71	277.18	243.89	190.03	101.45	70.227	4.6492	0.13237	0.12415	0.10147	0.082758	0.067579	0.053518	0.046361	0.03712	0.031755	0.027909	0.022811	0.015883
55	5	33	0.013371	0.0091979	0.0076766	0.0048263	0.0041835	0.0021719	0.0021159	0.0014773	0.0013119	0.00053916	0.00055778	0.00077398	2.981	27.531	69.208	117.85	159.15	208.67	239.26	269.9	294.54	318.34	333.07	345.07	348.4	347.01	343.49	341.34	324.76	309.56	278.12	244.26	189.91	101.47	70.236	4.6501	0.1323	0.12415	0.10146	0.082755	0.067576	0.053514	0.046356	0.037115	0.031749	0.027905	0.022806	0.015878
55	6	13	0.013358	0.0091443	0.0076654	0.0048494	0.0042159	0.002199	0.0021379	0.0014982	0.0013358	0.00054781	0.00056685	0.0007774	3.2886	30.396	76.26	128.21	167.53	206.42	227.64	241.4	255.91	265.26	273.02	275.28	277.9	277.08	277.71	276.09	272.96	268.09	257.2	237.33	197.96	109.37	77.771	5.637	0.12887	0.12325	0.10056	0.08221	0.067222	0.053216	0.046065	0.03698	0.031666	0.027823	0.022737	0.015866
55	6	17	0.013301	0.0091473	0.0076323	0.0047977	0.0041578	0.0021554	0.0021021	0.0014675	0.0013017	0.00053526	0.00055397	0.00076983	3.254	30.265	76.528	130.76	174.51	223.53	251.67	274.36	294.61	309.89	322.39	328.79	332.33	330.58	330.43	328.82	320.16	310.06	286.96	256.36	205.5	110.21	77.609	5.6692	0.12899	0.12346	0.10062	0.08235	0.067273	0.053256	0.046075	0.03695	0.031604	0.027772	0.022697	0.015795
55	6	21	0.01325	0.0091032	0.0075897	0.0047676	0.0041261	0.0021281	0.0020819	0.0014504	0.0012831	0.00052817	0.000547	0.0007661	3.2352	30.274	76.454	131.44	176.85	230.53	262.21	290.19	313.94	333.53	349.24	358.88	362.64	360.65	358.67	357.24	343.23	329.41	299.56	264.35	208.47	110.28	77.496	5.6922	0.12872	0.12347	0.1006	0.082242	0.067246	0.05318	0.045959	0.036903	0.031541	0.027719	0.022639	0.015747
55	6	25	0.013222	0.0090789	0.0075672	0.0047524	0.0041096	0.0021149	0.0020718	0.001442	0.0012742	0.00052394	0.00054323	0.00076397	3.2251	30.265	76.58	131.64	177.69	233.6	267.07	298.03	323.94	346.21	363.59	375.43	379.38	376.72	373.98	372.5	354.98	339.18	305.49	267.39	209.18	110.29	77.508	5.6965	0.12881	0.12347	0.10059	0.082208	0.067228	0.053146	0.045918	0.036876	0.031507	0.027686	0.022599	0.015721
55	6	29	0.013205	0.0090609	0.0075544	0.004744	0.0041013	0.0021082	0.002066	0.0014373	0.0012694	0.00052171	0.00054124	0.00076279	3.2199	30.255	76.61	131.81	177.87	234.98	269.36	302.03	329.09	353.05	371.41	384.62	388.58	385.85	382.29	380.81	361.21	344	308.23	268.88	209.08	110.42	77.521	5.7	0.12877	0.12346	0.10058	0.082185	0.067213	0.053128	0.045896	0.036859	0.031485	0.027667	0.022576	0.015706
55	6	33	0.013197	0.0090559	0.0075476	0.0047394	0.0040963	0.0021046	0.0020621	0.0014346	0.0012665	0.00052039	0.00054003	0.00076212	3.2168	30.251	76.61	131.95	178.08	235.57	270.4	304.09	331.81	356.84	375.75	389.8	393.75	390.94	386.84	385.29	364.61	346.45	309.52	269.72	209.29	110.48	77.513	5.7023	0.12873	0.12346	0.10057	0.08218	0.067205	0.053117	0.045887	0.03685	0.031474	0.027659	0.022567	0.015698
55	7	13	0.013276	0.0090799	0.0076148	0.0048064	0.004171	0.0021709	0.0021129	0.0014782	0.0013147	0.00053979	0.00055878	0.00077086	3.509	32.557	82.696	139.42	180.92	221.06	242.52	254.89	269.54	277.86	286.2	288.22	290.91	290.13	290.73	289.18	286.18	281.35	271.4	250.37	210.94	116.48	84.032	6.6452	0.12618	0.1228	0.10013	0.08173	0.067004	0.053029	0.045813	0.036838	0.031529	0.027698	0.022628	0.015773
55	7	17	0.013184	0.0089973	0.0075187	0.0047456	0.0041067	0.0021149	0.0020705	0.001442	0.0012746	0.00052397	0.00054347	0.00076283	3.4622	32.469	82.727	142.58	189.32	242.52	272.2	294.31	315.29	329.48	343.18	349.59	353.64	351.47	351.74	349.52	341.79	331.27	307.31	273.78	216.08	117.1	83.86	6.6992	0.12605	0.12297	0.10034	0.082035	0.067038	0.053002	0.045721	0.036784	0.031428	0.027621	0.022529	0.015687
55	7	21	0.013121	0.0089428	0.0074651	0.0047095	0.0040662	0.0020858	0.0020414	0.0014207	0.0012522	0.00051478	0.00053433	0.00075804	3.4395	32.428	82.638	143.51	192.35	251.57	285.67	314.28	339.32	358.59	375.71	386.56	390.9	387.79	386.41	384.01	369.8	354.82	321.71	283.25	216.77	116.92	83.706	6.721	0.1259	0.12295	0.10023	0.081828	0.066983	0.052937	0.045649	0.036718	0.031296	0.027551	0.022448	0.015624
55	7	25	0.013083	0.0089102	0.0074343	0.004689	0.0040441	0.0020706	0.0020231	0.0014087	0.0012396	0.00050949	0.00052923	0.00075505	3.4261	32.435	82.7	143.72	193.45	255.65	292.13	324.49	351.7	374.5	393.52	407.22	411.66	407.49	404.73	402.53	384.08	366.34	328.08	287.43	217.09	117.26	83.646	6.7292	0.12579	0.12291	0.10019	0.081728	0.06694	0.052888	0.045602	0.036676	0.031247	0.027508	0.022403	0.015587
55	7	29	0.013062	0.0088913	0.0074181	0.0046778	0.0040321	0.002062	0.0020126	0.0014022	0.001232	0.00050656	0.00052667	0.00075348	3.4189	32.407	82.753	143.83	193.86	257.58	295.32	329.84	358.5	383.28	403.32	419.08	423.29	418.85	414.99	413.08	391.78	371.66	331.7	289.06	217.55	117.28	83.73	6.7271	0.12586	0.1229	0.10017	0.081675	0.066916	0.052862	0.045577	0.036652	0.031219	0.027485	0.022377	0.015567
55	7	33	0.013051	0.0088818	0.0074096	0.0046721	0.0040255	0.0020575	0.0020069	0.0013985	0.0012284	0.00050492	0.00052518	0.00075254	3.4155	32.407	82.764	143.99	194.04	258.48	296.78	332.66	362.17	388.28	408.93	425.93	429.84	425.42	420.63	418.9	395.82	374.93	333.3	289.93	217.73	117.3	83.721	6.7305	0.1258	0.12288	0.10016	0.081703	0.066903	0.052847	0.045562	0.036637	0.031204	0.027472	0.022364	0.015556
55	8	13	0.013216	0.0090307	0.0075589	0.0047761	0.0041419	0.0021483	0.0020951	0.001464	0.0012995	0.00053392	0.00055282	0.00076651	3.6999	34.424	87.701	148.77	191.93	232.59	254.19	265.37	279.97	287.61	296.08	298.19	301.02	300.2	300.82	299.38	296.5	291.69	281.45	259.65	218.1	122.55	89.379	7.7353	0.12353	0.12241	0.099887	0.081317	0.066831	0.052888	0.045584	0.036732	0.031421	0.027608	0.022543	0.015709
55	8	17	0.013098	0.0089281	0.0074541	0.0047031	0.0040613	0.0020836	0.0020404	0.0014206	0.001253	0.00051474	0.00053431	0.00075688	3.6402	34.291	87.977	152.56	201.9	257.9	289.05	310.09	331.47	344.79	358.74	365.33	369.86	367.17	367.94	364.82	358.11	347.64	323	287.39	221.06	123.44	89.187	7.7073	0.12351	0.12252	0.099955	0.081364	0.066816	0.052819	0.045498	0.036646	0.031282	0.027503	0.022403	0.015597
55	8	21	0.013021	0.0088592	0.0073919	0.0046607	0.0040148	0.0020519	0.0020021	0.0013955	0.0012263	0.0005036	0.00052426	0.00075068	3.6146	34.22	87.947	153.67	205.48	268.95	305.27	334.04	359.78	378.39	396.33	407.99	412.65	408.74	407.31	404.87	390.41	374.87	338.91	296.45	221.19	123.26	89.06	7.7162	0.12343	0.12247	0.09989	0.081109	0.066734	0.052724	0.045407	0.036561	0.031139	0.027415	0.02231	0.015522
55	8	25	0.012983	0.0088253	0.0073623	0.0046393	0.0039916	0.0020366	0.001985	0.0013801	0.0012139	0.00049812	0.00051971	0.00074801	3.5994	34.225	87.918	154	206.87	274.02	313.17	346.44	374.73	396.95	416.63	432.35	436.63	432.01	428.65	427.09	406.35	387.71	346.64	300.46	219.46	123.11	88.959	7.7329	0.12326	0.12242	0.099851	0.08099	0.066536	0.052669	0.045353	0.036511	0.031083	0.027369	0.022261	0.015482
55	8	29	0.012963	0.0088091	0.0073471	0.0046284	0.0039797	0.0020284	0.0019765	0.0013714	0.001207	0.0004948	0.00051705	0.00074611	3.5919	34.216	88.011	154.04	207.4	276.47	317.11	352.97	382.97	407.24	427.79	446.17	450.04	444.77	440.15	437.95	414.15	393.92	350.71	302.54	219.48	123.07	88.982	7.7398	0.12319	0.1224	0.099828	0.080968	0.066438	0.052639	0.045326	0.036485	0.031056	0.027346	0.022237	0.015463
55	8	33	0.012952	0.0087999	0.0073393	0.0046229	0.0039738	0.0020241	0.001972	0.0013664	0.0012036	0.00049316	0.00051575	0.00074533	3.5882	34.208	88.031	154.18	207.57	277.68	319.23	356.6	387.53	413.24	434.29	453.91	457.57	452.14	446.77	444.17	418.21	397.74	352.51	302.98	218.95	123.11	89.003	7.7481	0.12315	0.12238	0.099812	0.080954	0.066389	0.052622	0.045312	0.036474	0.031041	0.027334	0.022223	0.015453
55	9	13	0.013164	0.0089907	0.0075199	0.0047503	0.004116	0.0021282	0.0020797	0.0014514	0.0012861	0.00052895	0.00054775	0.00076295	3.8626	36.032	92.156	156.62	201.31	241.88	263.62	273.75	288.28	295.72	303.94	306.16	309.05	308.21	308.85	307.43	304.59	299.6	289.35	266.98	222.71	127.49	93.975	8.71	0.12148	0.12206	0.099673	0.080909	0.066666	0.052762	0.045463	0.036597	0.031331	0.027535	0.022465	0.015652
55	9	17	0.013029	0.0088698	0.0074045	0.0046705	0.004026	0.0020613	0.0020142	0.0014044	0.0012362	0.00050833	0.00052848	0.00075273	3.7941	35.892	92.484	160.88	212.42	270.92	302.92	322.75	344.19	356.84	370.86	377.39	382.13	379.16	380.32	376.63	370.1	360.15	335.33	297.44	225.6	128.29	93.691	8.6788	0.12138	0.12212	0.099696	0.080897	0.066002	0.052455	0.04535	0.036484	0.031123	0.027404	0.022306	0.015524
55	9	21	0.012946	0.0087984	0.0073393	0.004624	0.0039766	0.002028	0.0019767	0.0013728	0.0012083	0.00049557	0.00051787	0.00074581	3.7659	35.805	92.553	162.16	216.3	283.8	321.58	350.16	376.38	394.44	412.28	423.96	429.93	424.78	424.25	421.78	405.79	390.43	352.37	305.97	223.05	128.41	93.518	8.6898	0.12146	0.12204	0.099621	0.080816	0.065914	0.052363	0.04525	0.036391	0.031011	0.02731	0.022203	0.015443
55	9	25	0.012904	0.0087608	0.0073074	0.0046009	0.0039524	0.0020108	0.0019587	0.0013549	0.0011944	0.00048951	0.00051194	0.00074224	3.751	35.804	92.426	162.56	217.81	289.62	330.65	364.66	393.3	415.22	434.96	450.3	456.53	450.67	447.85	444.52	423.02	404.62	359.03	308.82	222.74	128.06	93.224	8.6647	0.12151	0.12196	0.099569	0.080766	0.065865	0.052292	0.045194	0.036338	0.030956	0.027262	0.02215	0.015402
55	9	29	0.012882	0.0087398	0.0072908	0.0045896	0.0039406	0.0020025	0.00195	0.001346	0.0011878	0.00048664	0.00050911	0.00074051	3.7423	35.799	92.522	162.64	218.39	292.52	335.17	372.27	402.64	427.2	446.97	464.85	470.81	464.58	459.74	455.87	431.2	412.41	362.35	309.3	222.16	127.82	93.273	8.6954	0.12121	0.12193	0.099538	0.080736	0.065834	0.052252	0.045162	0.036308	0.030925	0.027237	0.022124	0.01538
55	9	33	0.012869	0.0087289	0.0072815	0.0045832	0.0039342	0.0019979	0.001945	0.0013413	0.0011834	0.00048509	0.00050748	0.00073941	3.7376	35.793	92.546	162.71	218.6	293.99	337.54	376.53	407.62	433.79	453.35	473.32	479.06	472.25	466.44	462.86	436.72	417.67	364.93	311.02	221.71	127.61	93.29	8.6669	0.12152	0.12191	0.09952	0.080722	0.065818	0.052233	0.045145	0.036292	0.030909	0.027221	0.022108	0.015368
70	4	13	0.013552	0.0092992	0.0078081	0.0049518	0.0043258	0.0022774	0.0022422	0.0015772	0.0013841	0.00056589	0.00058605	0.00079314	2.7005	24.095	60.14	100.03	133.71	170.13	191.69	210.99	227.16	240.52	248.29	253.16	255.44	254.53	253.45	251.94	244.54	236.44	219.79	199.55	164.03	90.542	61.401	3.5502	0.13605	0.12443	0.10193	0.082796	0.067704	0.053728	0.046509	0.037301	0.03204	0.028111	0.022991	0.016079
70	4	17	0.013577	0.0093671	0.0078403	0.0049441	0.0043128	0.0022637	0.002223	0.0015688	0.0013761	0.00056288	0.00058284	0.00079209	2.6925	24.125	60.088	100.6	135.74	175.52	199.76	223.17	242.16	259.09	268.77	275.98	278.38	277.49	275.29	273.44	262.76	251.89	230.77	206.76	166.61	90.643	61.272	3.5741	0.13629	0.12482	0.10231	0.083122	0.067906	0.05392	0.046669	0.037387	0.032099	0.028176	0.023057	0.016096
70	4	21	0.013575	0.0093633	0.0078346	0.0049393	0.0043066	0.0022593	0.0022183	0.0015649	0.0013723	0.00056145	0.00058133	0.00079141	2.6865	24.126	60.269	100.8	136.06	177.05	202.35	227.57	247.83	266.46	276.97	285.46	287.94	287.06	284.3	282.25	269.95	257.91	234.62	209.11	167.39	90.578	61.399	3.5779	0.13653	0.12494	0.1024	0.083195	0.067961	0.053957	0.046699	0.037409	0.032109	0.028185	0.023063	0.016096
70	4	25	0.013572	0.0093615	0.0078324	0.0049372	0.004304	0.0022548	0.0022089	0.001563	0.0013707	0.00056082	0.00058068	0.00079109	2.684	24.12	60.278	101.05	136.47	177.54	203.07	229	249.83	269.32	280.28	289.48	292.05	291.15	288.12	285.95	272.91	260.19	235.94	209.84	167.16	90.76	61.39	3.5809	0.13655	0.12497	0.10244	0.083223	0.067982	0.053971	0.04671	0.037416	0.032113	0.028189	0.023065	0.016096
70	4	29	0.013573	0.0093619	0.0078325	0.004937	0.0043035	0.0022543	0.002208	0.0015626	0.0013703	0.0005607	0.00058056	0.00079111	2.6832	24.118	60.267	101.08	136.75	178.02	203.57	229.63	250.55	270.12	281.09	290.6	293.1	292.28	288.95	287.01	273.36	260.28	236.03	209.55	167.85	90.756	61.379	3.5833	0.13649	0.12499	0.10245	0.083237	0.067993	0.053979	0.046717	0.037421	0.032114	0.028192	0.023068	0.016098
70	4	33	0.013573	0.0093613	0.007832	0.0049366	0.004303	0.0022535	0.0022066	0.0015622	0.00137	0.00056057	0.00058043	0.00079103	2.6826	24.119	60.268	101.01	136.79	178.4	204.15	230.09	251.14	270.78	281.86	291.18	293.71	292.84	289.57	287.3	273.85	261	236.8	210.64	168	90.76	61.375	3.5836	0.13653	0.125	0.10246	0.083243	0.067998	0.053982	0.046719	0.037423	0.032116	0.028193	0.023068	0.016097
70	5	13	0.013401	0.0091771	0.0076953	0.00487	0.0042389	0.0022103	0.0021483	0.0015061	0.0013452	0.000551	0.00057057	0.00078033	3.0135	27.558	69.006	116.24	154.59	196.06	220.22	240.34	257.8	271.83	281.13	286.13	288.97	287.92	287.54	286.11	279.1	271.01	252.86	228.9	184.89	100.99	70.276	4.601	0.13212	0.12363	0.10108	0.082391	0.067361	0.053351	0.046225	0.037059	0.031742	0.027893	0.022794	0.015914
70	5	17	0.0134	0.0092258	0.0077084	0.0048498	0.0042104	0.0021931	0.0021322	0.0014915	0.0013289	0.00054516	0.00056447	0.00077767	2.9956	27.537	69.023	117.3	157.81	204.5	232.63	258.65	280.08	299.17	311.42	319.98	323.01	321.83	319.9	318.29	306.2	294.26	268.72	238.92	188.32	101.3	70.208	4.6351	0.13222	0.12399	0.10136	0.082672	0.067522	0.053494	0.046344	0.037114	0.031767	0.027922	0.022829	0.015906
70	5	21	0.013389	0.0092138	0.0076948	0.004839	0.0041977	0.0021839	0.0021246	0.0014847	0.0013216	0.00054242	0.00056161	0.00077612	2.9878	27.548	69.172	117.46	158.58	207.34	237.15	265.95	289.27	311.13	324.86	335.39	338.58	337.35	334.38	332.56	317.84	303.98	274.89	242.59	189.59	101.34	70.209	4.6442	0.13231	0.12409	0.10142	0.082727	0.06756	0.053512	0.046358	0.037121	0.031762	0.027917	0.022821	0.015895
70	5	25	0.013383	0.0092084	0.0076887	0.0048342	0.0041926	0.0021793	0.0021213	0.0014817	0.0013182	0.00054117	0.00056031	0.00077539	2.984	27.542	69.207	117.72	158.85	208.31	238.8	268.98	293.23	316.44	330.92	342.54	345.81	344.57	341.01	339.06	322.95	308.09	277.35	243.76	189.97	101.43	70.229	4.6475	0.13234	0.12413	0.10145	0.082747	0.067573	0.053519	0.046361	0.037122	0.031759	0.027917	0.022818	0.015891
70	5	29	0.01338	0.0092059	0.0076858	0.004832	0.0041903	0.0021771	0.0021197	0.0014803	0.0013167	0.00054067	0.00055979	0.00077514	2.9823	27.539	69.208	117.87	159.16	208.72	239.33	270.08	294.8	318.85	333.68	345.94	349.26	347.89	344.26	342.14	325.27	309.92	278.07	244.23	189.93	101.44	70.234	4.6479	0.13235	0.12414	0.10145	0.082756	0.067578	0.053521	0.046363	0.037123	0.031758	0.027916	0.022816	0.015888
70	5	33	0.01338	0.0092052	0.0076849	0.0048314	0.0041896	0.0021763	0.0021192	0.0014798	0.0013161	0.00054047	0.00055956	0.00077504	2.9816	27.538	69.209	117.87	159.37	209.13	239.8	270.7	295.46	319.66	334.46	347.2	350.52	349.2	345.38	343.55	325.82	310.16	278.35	244.08	190.4	101.51	70.232	4.6479	0.13239	0.12415	0.10146	0.082762	0.067582	0.053523	0.046364	0.037124	0.031758	0.027916	0.022816	0.015888
70	6	13	0.01329	0.0091464	0.0076389	0.0048043	0.0041687	0.0021687	0.0021103	0.0014754	0.0013131	0.00053902	0.00055825	0.00077044	3.2658	30.333	76.48	129.77	171.97	217.62	243.49	263.23	281.58	294.75	305.7	310.43	313.74	312.37	312.57	310.93	304.51	296.49	277.68	250.7	203.3	110.02	77.702	5.635	0.12861	0.12301	0.10029	0.082081	0.067048	0.053098	0.045946	0.03685	0.031535	0.027714	0.022656	0.015775
70	6	17	0.013255	0.0091096	0.0075988	0.0047735	0.004134	0.0021365	0.0020874	0.0014551	0.0012901	0.00053074	0.00054975	0.0007667	3.241	30.243	76.47	131.29	176.31	229.22	260.35	287.64	310.91	330.05	345.23	354.64	358.32	356.37	354.56	353.2	339.81	326.54	297.54	262.94	207.95	110.16	77.535	5.676	0.12865	0.12333	0.10049	0.082174	0.067182	0.053146	0.04594	0.036879	0.03153	0.02771	0.022637	0.015749
70	6	21	0.013229	0.0090874	0.0075761	0.0047575	0.0041165	0.0021206	0.0020762	0.0014454	0.0012793	0.00052655	0.00054553	0.00076472	3.2284	30.272	76.536	131.58	177.59	233.46	266.89	297.94	323.91	346.35	363.78	375.76	379.7	377.05	374.27	372.78	355.07	339.2	305.35	267.23	208.98	110.26	77.421	5.6892	0.12887	0.12342	0.10055	0.082179	0.067207	0.053137	0.045909	0.036872	0.031508	0.027689	0.022607	0.015728
70	6	25	0.013214	0.0090699	0.0075646	0.0047498	0.0041084	0.0021137	0.0020706	0.0014407	0.0012744	0.00052428	0.00054351	0.00076368	3.2222	30.264	76.611	131.76	177.88	235.06	269.55	302.51	329.77	354.09	372.59	386.16	390.06	387.25	383.54	382.14	362.13	344.64	308.37	269.11	208.89	110.35	77.52	5.6963	0.12878	0.12344	0.10056	0.082176	0.06721	0.053132	0.045899	0.036865	0.031495	0.027675	0.022589	0.015717
70	6	29	0.01321	0.0090678	0.0075596	0.0047464	0.0041046	0.0021105	0.0020682	0.0014385	0.001272	0.00052325	0.00054259	0.00076327	3.2192	30.257	76.616	131.95	178.09	235.63	270.5	304.55	332.48	357.87	376.88	391.31	395.19	392.43	388.09	386.62	365.47	347.11	309.8	269.64	209.13	110.37	77.513	5.7012	0.12872	0.12346	0.10057	0.082183	0.067212	0.053131	0.045899	0.036862	0.031489	0.027672	0.022584	0.015712
70	6	33	0.013203	0.0090534	0.0075563	0.0047444	0.0041024	0.0021087	0.0020667	0.0014373	0.0012707	0.00052273	0.00054215	0.0007631	3.2176	30.254	76.616	132.03	178.37	236.05	271.1	305.41	333.63	359.81	379	394.02	397.9	395.05	390.47	389.03	367.13	348.3	310.27	269.94	209.01	110.48	77.506	5.7028	0.12871	0.12346	0.10057	0.082175	0.067211	0.053129	0.045892	0.036859	0.031485	0.027667	0.022575	0.015709
70	7	13	0.013184	0.0090041	0.0075332	0.0047566	0.0041226	0.0021328	0.0020824	0.0014529	0.0012887	0.00052976	0.00054885	0.00076357	3.4815	32.543	82.684	141.36	186.32	235.27	262.33	281	299.82	311.85	323.82	328.56	332.17	330.56	331.14	329.31	323.56	315.33	296.31	266.72	214.92	116.73	83.957	6.7341	0.1256	0.12252	0.10018	0.081757	0.06682	0.052854	0.045596	0.036693	0.031374	0.027567	0.022506	0.015677
70	7	17	0.013125	0.0089506	0.0074749	0.0047157	0.0040755	0.0020919	0.002051	0.0014259	0.0012593	0.0005176	0.0005376	0.00075861	3.4439	32.423	82.696	143.27	191.7	250.01	283.41	311.3	335.8	354.58	371.34	381.61	386.01	382.98	381.98	379.5	366.11	351.53	319.74	281.91	216.92	117.22	83.79	6.7007	0.12582	0.1228	0.10011	0.081783	0.066915	0.052892	0.045614	0.036693	0.031328	0.027541	0.022449	0.015627
70	7	21	0.013091	0.0089197	0.0074448	0.004695	0.0040518	0.0020749	0.0020313	0.0014127	0.0012452	0.00051223	0.00053198	0.00075606	3.4302	32.429	82.625	143.68	193.37	255.52	291.99	324.56	351.86	374.93	394.02	407.96	412.38	408.2	405.3	403.16	384.39	366.5	328.01	287.3	216.99	117.23	83.644	6.7226	0.12573	0.12286	0.10014	0.081697	0.066918	0.05288	0.045594	0.036673	0.031248	0.027511	0.022411	0.015595
70	7	25	0.013074	0.0089044	0.00743	0.0046848	0.0040402	0.0020664	0.0020209	0.0014062	0.0012381	0.00050932	0.00052922	0.00075477	3.4221	32.419	82.753	143.79	193.86	257.73	295.65	330.59	359.52	384.8	405.01	421.26	425.36	420.94	416.69	414.96	392.78	372.5	332.05	289.25	217.54	117.25	83.718	6.7269	0.12578	0.12287	0.10015	0.081661	0.066914	0.052868	0.045582	0.036658	0.031229	0.027496	0.022392	0.015579
70	7	29	0.013065	0.0088953	0.0074227	0.00468	0.004034	0.0020621	0.0020157	0.0014027	0.0012344	0.0005078	0.00052782	0.000754	3.418	32.419	82.771	144	194.02	258.62	297.21	333.48	363.17	389.6	410.72	428.07	431.97	427.36	422.46	420.35	396.87	375.8	333.86	290.07	217.12	117.3	83.718	6.7289	0.1258	0.12288	0.10016	0.081706	0.066911	0.052862	0.045587	0.036652	0.031219	0.027488	0.022383	0.015572
70	7	33	0.013061	0.0088917	0.0074195	0.0046778	0.0040319	0.0020609	0.0020144	0.0014016	0.0012332	0.00050727	0.00052734	0.00075372	3.4161	32.413	82.773	144.11	194.31	258.99	297.85	334.82	364.92	392.1	413.62	431.55	435.36	430.88	425.47	423.71	398.82	377.38	334.66	290.85	217.18	117.17	83.702	6.7295	0.12583	0.12288	0.10016	0.08163	0.066909	0.052859	0.045573	0.036648	0.031215	0.027484	0.022378	0.015568
70	8	13	0.013102	0.0089424	0.007474	0.0047173	0.0040827	0.002102	0.0020585	0.0014334	0.0012685	0.00052154	0.0005411	0.00075823	3.666	34.363	87.852	151.14	198.39	249.51	277.44	294.87	314.04	325.32	337.56	342.27	346.1	344.23	345.07	342.63	337.63	329.57	310.66	280.15	220.11	122.72	89.297	7.7516	0.12289	0.12207	0.099597	0.081206	0.066606	0.052676	0.045379	0.03656	0.031237	0.027456	0.022389	0.015592
70	8	17	0.013028	0.0088704	0.0074038	0.0046685	0.004025	0.0020588	0.0020141	0.0014018	0.0012346	0.00050748	0.00052764	0.00075207	3.6193	34.237	87.98	153.39	204.75	267.11	302.69	330.51	355.9	374.06	391.46	402.68	407.34	403.41	402.4	399.91	386.66	371.72	336.59	295.39	220.41	123.22	89.101	7.6999	0.12331	0.12229	0.099771	0.081061	0.066669	0.052684	0.045375	0.036539	0.031127	0.027406	0.022312	0.015527
70	8	21	0.012991	0.0088351	0.0073717	0.0046456	0.0039992	0.0020409	0.0019922	0.0013862	0.0012191	0.00050111	0.00052217	0.0007491	3.604	34.219	87.895	153.98	206.77	273.9	313.12	346.64	375.08	397.63	417.46	433.47	437.77	433.06	429.52	427.95	406	388	346.54	300.36	219.92	122.97	88.95	7.7205	0.12328	0.12237	0.099801	0.080957	0.066516	0.052659	0.045345	0.036509	0.031084	0.027372	0.02227	0.015491
70	8	25	0.012976	0.008823	0.0073595	0.0046367	0.0039892	0.0020337	0.0019845	0.0013782	0.0012131	0.0004983	0.00051998	0.00074785	3.5959	34.226	87.99	154.01	207.41	276.73	317.66	354.01	384.33	409.18	429.94	448.77	452.56	447.33	442.37	440.21	414.35	395.09	350.92	302.03	219.13	123.07	88.968	7.737	0.12324	0.12239	0.099818	0.080966	0.066483	0.052651	0.045337	0.036495	0.031069	0.02736	0.022255	0.015479
70	8	29	0.012966	0.0088138	0.0073515	0.0046307	0.0039824	0.0020287	0.0019793	0.0013728	0.0012095	0.00049626	0.0005184	0.00074685	3.5917	34.217	88.035	154.18	207.59	277.95	319.71	357.62	388.78	415.15	436.31	456.23	460.16	454.62	448.68	446.4	419.04	398.69	353.38	303.29	219.38	123.16	89.005	7.7436	0.12319	0.12239	0.09981	0.08096	0.066402	0.052638	0.045325	0.036487	0.031056	0.027349	0.022243	0.015469
70	8	33	0.012962	0.0088101	0.0073481	0.0046283	0.0039797	0.0020268	0.0019773	0.0013707	0.0012079	0.0004955	0.00051779	0.00074651	3.5899	34.213	88.038	154.32	207.77	278.45	320.58	359.5	390.93	418.37	439.61	459.94	464.04	458.44	451.73	449.5	420.86	400.85	353.92	303.65	218.58	123.22	88.997	7.7449	0.1232	0.12239	0.099812	0.080961	0.066394	0.052636	0.045324	0.036485	0.031052	0.027346	0.022239	0.015465
70	9	13	0.013038	0.0088913	0.0074276	0.0046858	0.0040486	0.0020779	0.0020385	0.0014183	0.0012532	0.00051546	0.00053523	0.00075403	3.8235	35.961	92.375	159.3	208.67	261.41	289.84	306.09	325.28	336.03	347.93	352.82	356.95	354.91	356	353.08	348.6	340.37	321.52	288.91	223.31	128.06	93.888	8.713	0.12105	0.12167	0.099346	0.080627	0.066037	0.05251	0.045243	0.036403	0.03112	0.027364	0.022293	0.015525
70	9	17	0.012954	0.0088104	0.0073506	0.0046321	0.003987	0.0020344	0.0019863	0.0013818	0.0012161	0.00049992	0.00052134	0.00074734	3.7702	35.846	92.518	161.86	215.47	281.72	318.82	346.46	372.23	389.69	407.17	418.3	424.13	419.12	418.93	416.17	401.91	386.74	350.56	305.03	223.64	128.31	93.598	8.6746	0.12123	0.12188	0.099498	0.080726	0.065849	0.052333	0.045217	0.036367	0.030999	0.027301	0.022206	0.015449
70	9	21	0.012915	0.0087732	0.0073179	0.0046085	0.0039609	0.0020159	0.0019665	0.0013619	0.0012005	0.00049222	0.00051516	0.00074352	3.7557	35.787	92.485	162.52	217.68	289.54	330.68	365.04	393.85	416.17	435.91	451.84	457.91	451.88	448.94	445.61	423.49	405.14	358.69	308.16	222.4	127.98	93.25	8.6576	0.12143	0.12191	0.099524	0.080737	0.065846	0.05229	0.045191	0.036338	0.03096	0.027267	0.022162	0.015413
70	9	25	0.012896	0.0087564	0.0073042	0.0045988	0.0039497	0.0020077	0.0019575	0.0013521	0.0011936	0.00048903	0.00051232	0.00074202	3.7465	35.81	92.484	162.63	218.37	292.85	335.8	373.55	404.22	429.42	449.24	467.95	473.87	467.09	461.93	458.28	432.65	414.26	364	309.75	221.45	127.71	93.31	8.7009	0.12112	0.12191	0.099524	0.080733	0.065837	0.052263	0.045173	0.036315	0.030938	0.02725	0.022143	0.015396
70	9	29	0.012886	0.0087451	0.0072954	0.0045927	0.0039442	0.0020035	0.0019534	0.0013485	0.0011899	0.00048753	0.00051052	0.00074121	3.742	35.802	92.565	162.68	218.63	294.31	338.12	377.79	409.13	435.7	455.36	476.06	481.56	474.67	468.61	465.22	438.63	418.57	364.55	311.06	221.47	127.43	93.282	8.6661	0.12154	0.12192	0.099524	0.080733	0.065833	0.052252	0.045164	0.036309	0.030926	0.027239	0.02213	0.015386
70	9	33	0.012882	0.0087405	0.0072918	0.0045905	0.003942	0.0020022	0.0019521	0.0013478	0.0011884	0.00048713	0.00051006	0.00074092	3.7396	35.798	92.571	162.83	218.57	295	339.27	379.85	411.62	438.77	458.32	479.68	484.97	479.12	472.39	468.8	440.93	420.55	367.09	310.23	221.04	127.49	93.256	8.673	0.12153	0.12192	0.099522	0.080731	0.06583	0.052251	0.045159	0.036305	0.030921	0.027234	0.022124	0.015382
85	4	13	0.013528	0.0092798	0.0077896	0.0049384	0.0043119	0.0022658	0.0022285	0.0015701	0.0013782	0.0005634	0.00058383	0.0007909	2.6938	24.081	60.115	100.33	134.7	172.85	195.81	217.33	234.97	250.25	259.01	265.16	267.48	266.6	264.89	263.26	254.04	244.53	225.46	203.28	165.33	90.468	61.376	3.5513	0.13592	0.12436	0.10188	0.08275	0.06766	0.053687	0.046468	0.037264	0.032001	0.028078	0.022961	0.016054
85	4	17	0.013567	0.0093599	0.0078339	0.0049393	0.0043087	0.0022582	0.0022146	0.001566	0.0013742	0.00056209	0.00058236	0.00079127	2.689	24.13	60.17	100.59	135.95	176.52	201.45	226.05	245.88	263.97	274.23	282.27	284.74	283.85	281.26	279.3	267.48	255.84	233.27	208.27	167.06	90.602	61.229	3.5751	0.13632	0.12479	0.10229	0.083103	0.067888	0.053904	0.046652	0.037373	0.032081	0.028163	0.023045	0.016087
85	4	21	0.013571	0.0093621	0.007834	0.0049386	0.0043068	0.0022575	0.0022158	0.0015643	0.0013725	0.00056143	0.00058167	0.00079128	2.6846	24.124	60.275	100.94	136.2	177.34	202.79	228.74	249.47	268.83	279.67	288.63	291.16	290.28	287.31	285.17	272.29	259.68	235.77	209.65	167.28	90.723	61.396	3.5786	0.13648	0.12493	0.10239	0.083188	0.067955	0.053952	0.046693	0.037404	0.032102	0.028183	0.02306	0.016095
85	4	25	0.013575	0.0093642	0.0078354	0.0049392	0.0043069	0.0022551	0.002209	0.0015639	0.0013722	0.00056134	0.00058157	0.00079145	2.6833	24.119	60.279	101.1	136.7	177.8	203.41	229.45	250.28	269.96	280.9	290.54	293.1	292.23	288.93	286.91	273.21	260.19	235.77	209.42	167.56	90.753	61.386	3.5816	0.13651	0.12497	0.10244	0.083224	0.067984	0.053974	0.046712	0.037418	0.032113	0.028193	0.023068	0.0161
85	4	29	0.013576	0.0093646	0.0078357	0.0049392	0.0043068	0.0022545	0.0022068	0.0015636	0.001372	0.00056127	0.00058152	0.00079147	2.6826	24.12	60.266	101.03	136.79	178.38	204.08	230.03	251.01	270.64	281.68	291.06	293.51	292.64	289.41	287.16	273.64	260.93	236.72	210.52	167.99	90.758	61.378	3.583	0.13652	0.12499	0.10246	0.083239	0.067996	0.053983	0.046719	0.037424	0.032117	0.028197	0.023071	0.016101
85	4	33	0.013574	0.0093632	0.0078342	0.004938	0.0043055	0.0022535	0.0022056	0.0015629	0.0013713	0.00056102	0.00058124	0.0007913	2.6818	24.119	60.271	100.98	136.71	178.52	204.47	230.86	252.02	271.74	282.9	292.35	294.87	293.98	290.86	288.6	275.2	262.24	237.55	210.83	168.03	90.758	61.371	3.5837	0.13652	0.125	0.10246	0.083243	0.067998	0.053984	0.04672	0.037424	0.032114	0.028196	0.02307	0.0161
85	5	13	0.01338	0.0092166	0.0077058	0.0048508	0.0042179	0.0021974	0.0021365	0.0014962	0.0013359	0.00054753	0.00056726	0.00077773	3.004	27.534	69.11	116.77	156.18	200.44	226.69	250.05	269.66	286.49	297.32	304.27	307.16	306.11	304.93	303.48	293.69	283.53	261.32	234.09	186.69	101.15	70.317	4.6019	0.13197	0.12353	0.10101	0.082375	0.067289	0.053326	0.046199	0.037003	0.031684	0.027852	0.022776	0.015876
85	5	17	0.013388	0.0092156	0.007699	0.0048426	0.0042037	0.002188	0.0021279	0.0014877	0.0013262	0.00054397	0.00056356	0.00077684	2.9914	27.543	69.02	117.4	158.32	206.37	235.61	263.53	286.28	307.28	320.57	330.5	333.63	332.42	329.78	328.01	314.09	300.86	272.86	241.38	189.07	101.33	70.119	4.6372	0.13207	0.12395	0.10131	0.082639	0.067492	0.053466	0.046318	0.037092	0.031744	0.027903	0.022811	0.015893
85	5	21	0.013387	0.0092129	0.0076947	0.0048384	0.0041978	0.0021838	0.0021245	0.0014843	0.0013223	0.00054251	0.00056204	0.00077631	2.9863	27.546	69.205	117.57	158.67	208.06	238.43	268.34	292.43	315.4	329.72	341.19	344.42	343.19	339.76	337.83	321.93	307.25	276.8	243.62	189.82	101.26	70.244	4.6444	0.13228	0.12408	0.10141	0.082718	0.067551	0.053508	0.04635	0.037116	0.031757	0.027914	0.022819	0.015895
85	5	25	0.013386	0.0092117	0.0076926	0.0048365	0.0041956	0.0021814	0.0021229	0.0014828	0.0013207	0.00054195	0.00056146	0.00077613	2.9837	27.542	69.211	117.83	159.06	208.55	239.17	269.94	294.65	318.69	333.48	345.67	348.97	347.61	344.02	341.86	325.06	309.75	278.08	244.2	189.83	101.5	70.237	4.6476	0.13225	0.12412	0.10144	0.082746	0.067572	0.05352	0.046361	0.037124	0.031761	0.027917	0.022821	0.015895
85	5	29	0.013387	0.009212	0.0076925	0.0048364	0.0041953	0.0021808	0.0021226	0.0014824	0.0013202	0.00054179	0.00056128	0.00077612	2.9829	27.54	69.213	117.89	159.35	209.09	239.7	270.57	295.36	319.64	334.44	347.14	350.47	349.17	345.33	343.48	325.75	310.1	278.29	243.94	190.4	101.51	70.231	4.6476	0.13235	0.12415	0.10145	0.082762	0.067585	0.053529	0.046369	0.03713	0.031765	0.027925	0.022824	0.015897
85	5	33	0.013387	0.0092116	0.007692	0.004836	0.0041948	0.0021803	0.0021222	0.0014822	0.0013199	0.00054166	0.00056116	0.00077606	2.9823	27.541	69.21	117.86	159.42	209.44	240.3	271.12	295.97	320.25	335.27	347.79	351.03	349.65	345.76	343.68	326.28	310.6	278.85	244.85	190.6	101.42	70.228	4.6491	0.13234	0.12416	0.10146	0.082768	0.06759	0.053533	0.046372	0.037132	0.031767	0.027927	0.022825	0.015897
85	6	13	0.013245	0.0091113	0.0076054	0.0047798	0.0041451	0.0021506	0.0020959	0.0014632	0.0013013	0.0005344	0.00055379	0.00076686	3.2535	30.302	76.511	130.51	174.17	223.76	252.43	276.42	297.4	313.93	327.03	334.36	337.95	336.17	335.67	334.1	324.11	313.16	288.47	257.12	205.51	110.13	77.662	5.6328	0.12841	0.12288	0.10016	0.081978	0.066953	0.053009	0.045854	0.036777	0.03146	0.027648	0.022596	0.015729
85	6	17	0.013235	0.0090944	0.0075848	0.0047629	0.0041243	0.002129	0.0020816	0.00145	0.001286	0.00052892	0.00054824	0.00076541	3.2349	30.247	76.417	131.5	177.14	232.03	264.72	294.66	319.8	341.32	358.05	369.26	373.13	370.9	368.25	366.79	350.27	335.24	302.74	265.93	208.62	110.29	77.494	5.6793	0.12856	0.12327	0.10043	0.082104	0.06714	0.053097	0.04588	0.036847	0.031495	0.02768	0.022609	0.01573
85	6	21	0.013222	0.0090788	0.0075736	0.0047553	0.0041155	0.00212	0.0020753	0.0014445	0.0012798	0.00052646	0.00054573	0.0007645	3.226	30.268	76.585	131.62	177.78	234.69	268.98	301.6	328.64	352.7	371.02	384.37	388.27	385.57	381.9	380.52	360.8	343.57	307.77	268.69	208.97	110.2	77.5	5.6922	0.12871	0.12339	0.10053	0.082157	0.067192	0.053124	0.045893	0.036863	0.031497	0.027678	0.022598	0.015725
85	6	25	0.013217	0.0090732	0.0075686	0.0047519	0.0041114	0.0021161	0.0020726	0.001442	0.0012769	0.00052547	0.0005447	0.00076416	3.2218	30.262	76.619	131.89	177.96	235.54	270.41	304.37	332.24	357.63	376.59	391.01	394.87	392.13	387.91	386.34	365.25	346.87	309.66	269.52	209.13	110.35	77.511	5.6988	0.1287	0.12344	0.10056	0.082183	0.067209	0.053134	0.0459	0.036867	0.031497	0.027678	0.022594	0.015722
85	6	29	0.013213	0.0090617	0.0075663	0.0047504	0.0041096	0.0021143	0.0020713	0.0014408	0.0012755	0.00052506	0.00054428	0.00076409	3.2199	30.258	76.621	132.02	178.33	235.94	271.02	305.38	333.61	359.86	379.05	394.18	398.01	395.18	390.57	389.13	367.16	348.3	310.25	269.91	209.03	110.37	77.504	5.7018	0.12871	0.12346	0.10057	0.082178	0.067217	0.053139	0.0459	0.036869	0.031497	0.027678	0.022589	0.01572
85	6	33	0.013215	0.0090632	0.0075665	0.0047504	0.0041094	0.0021141	0.0020714	0.0014409	0.0012756	0.00052492	0.00054415	0.00076407	3.2193	30.257	76.622	132.06	178.49	236.42	271.38	305.95	334.24	360.52	379.81	395.21	398.99	396.25	391.54	390.07	367.58	348.53	310.24	270.09	209.28	110.23	77.499	5.7054	0.12865	0.12347	0.10058	0.082185	0.067224	0.053144	0.045904	0.036872	0.031499	0.02768	0.02259	0.015722
85	7	13	0.013122	0.0089573	0.0074882	0.0047246	0.0040909	0.002108	0.002063	0.0014366	0.0012728	0.00052374	0.00054306	0.00075941	3.4636	32.508	82.697	142.31	189.11	243.25	273.74	297.59	319.54	335.21	349.78	357.37	361.55	359.18	359.11	356.95	347.55	335.93	309.55	274.93	215.99	117.19	83.91	6.7402	0.12532	0.12234	0.099851	0.081614	0.066694	0.052737	0.045488	0.036599	0.031273	0.027484	0.022422	0.015614
85	7	17	0.0131	0.008931	0.0074573	0.004703	0.0040623	0.0020824	0.0020421	0.0014191	0.0012533	0.00051575	0.0005357	0.00075714	3.4366	32.41	82.662	143.56	192.74	253.67	289.2	320.44	346.95	368.88	387.18	400.21	404.5	400.87	398.38	396.27	379.23	361.97	325.19	285.48	216.43	117.11	83.735	6.7028	0.1257	0.12272	0.10004	0.081656	0.06686	0.052845	0.045567	0.036654	0.031286	0.027507	0.022415	0.015603
85	7	21	0.013083	0.0089148	0.0074408	0.0046913	0.0040485	0.0020716	0.0020296	0.0014108	0.0012441	0.00051207	0.00053208	0.00075585	3.4269	32.443	82.695	143.7	193.77	257.27	294.92	329.47	358.18	383.19	403.29	419.11	423.29	418.87	414.89	413.09	391.47	371.54	331.3	288.86	217.23	117.28	83.61	6.7188	0.12577	0.12283	0.10012	0.081638	0.066897	0.052864	0.045578	0.036658	0.031233	0.0275	0.022402	0.01559
85	7	25	0.013077	0.0089084	0.0074342	0.0046872	0.0040423	0.002067	0.0020239	0.001407	0.00124	0.00051042	0.00053042	0.00075518	3.4224	32.431	82.774	143.92	193.94	258.54	297.04	333.26	362.95	389.47	410.35	427.79	431.69	427.08	422.17	420.1	396.65	375.57	333.65	289.93	216.93	117.09	83.717	6.7252	0.1258	0.12287	0.10015	0.081692	0.066912	0.052871	0.045594	0.03666	0.03123	0.027499	0.022397	0.015585
85	7	29	0.013073	0.008905	0.0074311	0.0046846	0.00404	0.0020656	0.0020223	0.0014057	0.0012384	0.00050979	0.00052987	0.00075498	3.4191	32.423	82.775	144.1	194.26	258.95	297.78	334.82	364.99	392.26	413.77	431.78	435.57	431.1	425.64	423.87	398.88	377.42	334.63	290.82	217.05	117.43	83.71	6.7238	0.12591	0.12289	0.10016	0.081628	0.066916	0.052873	0.045584	0.036659	0.031227	0.027496	0.022393	0.015581
85	7	33	0.013072	0.0089037	0.0074298	0.0046838	0.0040386	0.0020647	0.002021	0.0014049	0.0012375	0.0005095	0.00052958	0.00075488	3.4184	32.42	82.778	144.16	194.49	259.34	298.35	335.49	365.74	393.56	415.15	433.77	437.45	433.03	427.11	425.16	400.01	378.03	334.88	290.78	217.19	117.18	83.704	6.7249	0.12588	0.12289	0.10016	0.081631	0.06692	0.052875	0.045585	0.03666	0.031228	0.027497	0.022393	0.01558
85	8	13	0.013031	0.008886	0.0074216	0.0046811	0.0040446	0.0020747	0.0020359	0.0014149	0.0012505	0.00051442	0.00053434	0.00075326	3.6443	34.326	87.915	152.28	201.74	259.09	291.34	314.49	336.95	351.99	367.05	374.97	379.61	376.57	377.05	374.03	365.42	353.6	325.7	288.67	221.12	123.26	89.24	7.7482	0.12275	0.12185	0.099407	0.08095	0.066453	0.052537	0.04525	0.03645	0.031119	0.027358	0.022291	0.015521
85	8	17	0.012999	0.0088465	0.0073833	0.0046531	0.0040093	0.0020477	0.0020027	0.0013934	0.0012271	0.0005048	0.00052539	0.00075038	3.6093	34.213	87.962	153.71	205.99	271.73	309.84	341.77	369.32	390.88	410.31	424.4	429.06	424.81	422.08	420.03	400.23	382.82	343.06	298.9	220.61	123.01	88.961	7.6964	0.1232	0.12222	0.099683	0.080867	0.066346	0.052617	0.045313	0.036488	0.031074	0.027364	0.022272	0.015497
85	8	21	0.012985	0.0088327	0.0073689	0.0046427	0.0039962	0.002038	0.0019912	0.0013843	0.0012181	0.00050081	0.00052214	0.00074886	3.601	34.228	87.907	154.01	207.23	276.16	316.78	352.69	382.78	407.35	427.96	446.6	450.29	445.1	440.29	438.07	413.5	394.04	350.15	302.1	219.76	123.05	88.881	7.7273	0.12317	0.12233	0.09977	0.080934	0.066419	0.052639	0.045328	0.036491	0.03107	0.027362	0.022263	0.015487
85	8	25	0.012978	0.008826	0.0073624	0.004638	0.0039907	0.0020336	0.0019864	0.0013792	0.0012147	0.00049908	0.00052085	0.0007483	3.5956	34.227	88.03	154.08	207.54	277.83	319.53	357.4	388.54	414.96	436.15	456.05	459.91	454.38	448.42	446.14	418.82	398.47	353.21	303.19	219.31	123.07	89.006	7.7372	0.12322	0.12238	0.099799	0.080956	0.066403	0.052646	0.045333	0.036497	0.031067	0.027361	0.022258	0.015482
85	8	29	0.012975	0.0088224	0.0073592	0.0046356	0.0039876	0.0020316	0.0019842	0.0013769	0.0012129	0.00049826	0.0005202	0.00074799	3.5933	34.223	88.04	154.3	207.71	278.42	320.54	359.44	391.18	418.58	439.88	460.3	464.35	458.74	451.94	449.75	420.99	400.92	354.12	303.91	218.6	123.2	88.994	7.7437	0.12318	0.12239	0.09981	0.080965	0.066418	0.052649	0.045335	0.036498	0.031066	0.02736	0.022254	0.015479
85	8	33	0.012973	0.0088204	0.0073577	0.0046344	0.0039862	0.0020305	0.001983	0.0013755	0.0012121	0.00049782	0.00051986	0.00074786	3.5921	34.22	88.042	154.38	207.89	278.72	321	360.23	392.38	420.36	441.77	462.81	466.62	460.8	453.49	451.43	422.01	401.98	354.42	304.14	218.66	123.23	88.989	7.7468	0.12317	0.1224	0.099815	0.080968	0.066374	0.052647	0.045336	0.036497	0.031064	0.027358	0.022252	0.015478
85	9	13	0.01296	0.0088267	0.0073709	0.0046474	0.0040079	0.0020509	0.002009	0.0013983	0.001233	0.00050807	0.00052809	0.0007493	3.8006	35.917	92.436	160.59	212.27	272.58	305.94	328.15	350.91	365.17	380.51	388.45	393.44	389.93	390.78	387.26	378.95	367.42	338.74	299.24	224.3	128.34	93.825	8.7139	0.12064	0.12143	0.099129	0.080443	0.065698	0.05235	0.045101	0.03628	0.030948	0.027253	0.022187	0.015444
85	9	17	0.012924	0.0087861	0.00733	0.0046176	0.0039719	0.0020236	0.0019768	0.0013722	0.0012083	0.00049636	0.0005186	0.00074502	3.7608	35.815	92.508	162.27	216.97	287.17	327.1	359.61	387.62	408.56	427.84	442.71	449.11	442.88	440.7	437.75	417.38	400.08	356.21	308.12	221.91	128.24	93.463	8.6293	0.12121	0.12172	0.099404	0.080649	0.06578	0.052261	0.04516	0.036319	0.030949	0.027258	0.022165	0.015419
85	9	21	0.012907	0.0087679	0.0073141	0.0046054	0.0039577	0.0020127	0.0019652	0.0013598	0.0011997	0.00049189	0.00051514	0.00074345	3.7522	35.795	92.429	162.65	218.18	292.19	334.87	372.13	402.59	427.53	447.3	465.43	471.66	465.34	459.95	456.38	430.82	412.49	363.16	308.91	221.7	127.61	93.252	8.6765	0.12129	0.12186	0.099482	0.080704	0.065818	0.052259	0.04517	0.036317	0.030942	0.027255	0.022154	0.015406
85	9	25	0.012899	0.0087597	0.0073067	0.0046003	0.0039524	0.0020086	0.0019606	0.0013549	0.0011954	0.00049004	0.00051362	0.00074269	3.7463	35.814	92.57	162.65	218.51	294.26	337.98	377.58	408.85	435.49	455.29	475.85	481.43	474.46	468.38	465.09	438.13	418.89	365.15	310.96	221.14	127.4	93.249	8.6606	0.12152	0.12191	0.09951	0.080728	0.065833	0.052261	0.045173	0.036318	0.030938	0.02725	0.022146	0.015399
85	9	29	0.012895	0.0087558	0.0073033	0.0045981	0.00395	0.0020071	0.0019592	0.001354	0.001194	0.00048936	0.00051312	0.00074245	3.7435	35.81	92.558	162.82	218.52	294.98	339.29	379.96	411.67	438.95	458.49	480.06	485.25	479.44	472.67	469.13	440.73	421.21	367.33	311.25	221.18	127.39	93.238	8.6712	0.12153	0.12192	0.099521	0.080735	0.065838	0.052265	0.045173	0.036321	0.030935	0.027248	0.022142	0.015396
85	9	33	0.012893	0.008754	0.0073015	0.0045966	0.0039482	0.0020057	0.0019577	0.0013521	0.0011927	0.00048875	0.00051261	0.0007422	3.7421	35.807	92.562	162.9	218.65	295.34	339.79	380.89	412.97	440.73	460.49	481.95	487.37	481.66	474.5	471.28	442.6	422.73	367.76	311.1	221.03	127.42	93.176	8.6791	0.12145	0.12192	0.099525	0.080739	0.065841	0.052258	0.045173	0.036322	0.030935	0.027247	0.02214	0.015395
