10	4	13	0	0	0	0	0	0	0	0	0	0	0	0.025542	4.2313	8.7315	10.406	8.8566	7.5132	6.5594	5.9465	5.4069	5.0111	4.6729	4.52	4.3515	4.2604	4.1757	4.128	4.023	4.0597	4.0558	4.1804	4.2303	4.5466	5.5425	6.3232	0.28621	0	0	0	0	0	0	0	0	0	0	0	0
10	4	17	0	0	0	0	0	0	0	0	0	0	0	0.025544	4.24	9.0107	12.016	11.33	9.9395	8.7037	7.9159	7.1869	6.69	6.2327	6.0243	5.7885	5.6798	5.5679	5.5032	5.3634	5.4107	5.406	5.5676	5.616	6.052	7.4542	7.2984	0.28746	0	0	0	0	0	0	0	0	0	0	0	0
10	4	21	0	0	0	0	0	0	0	0	0	0	0	0.025546	4.2428	9.0948	12.821	13.105	12.034	10.655	9.7772	8.8647	8.2976	7.7278	7.464	7.1616	7.0376	6.8946	6.8165	6.6444	6.7041	6.6963	6.8899	6.9265	7.4742	8.747	7.6755	0.28757	0	0	0	0	0	0	0	0	0	0	0	0
10	4	25	0	0	0	0	0	0	0	0	0	0	0	0.025548	4.2437	9.1278	13.221	14.275	13.691	12.375	11.5	10.438	9.8283	9.1549	8.844	8.4716	8.337	8.1669	8.0737	7.8705	7.9397	7.9295	8.1528	8.1597	8.7996	9.42	7.8783	0.28758	0	0	0	0	0	0	0	0	0	0	0	0
10	4	29	0	0	0	0	0	0	0	0	0	0	0	0.02555	4.2443	9.1438	13.421	15.035	14.922	13.84	13.036	11.873	11.265	10.512	10.165	9.7204	9.5795	9.3853	9.2801	9.0349	9.1248	9.1051	9.3592	9.3105	9.9518	9.8378	7.9836	0.28762	0	0	0	0	0	0	0	0	0	0	0	0
10	4	33	0	0	0	0	0	0	0	0	0	0	0	0.025552	4.2449	9.1558	13.524	15.531	15.81	15.053	14.359	13.169	12.592	11.779	11.42	10.906	10.764	10.543	10.43	10.135	10.24	10.213	10.478	10.361	10.85	10.104	8.0406	0.28763	0	0	0	0	0	0	0	0	0	0	0	0
10	5	13	0	0	0	0	0	0	0	0	0	0	0	0.02556	4.2461	8.567	9.5193	7.7978	6.5544	5.7269	5.1913	4.7416	4.3875	4.0962	3.9643	3.8247	3.7443	3.6723	3.6322	3.5441	3.5757	3.5735	3.6795	3.7386	4.0237	4.9864	5.8398	0.28738	0	0	0	0	0	0	0	0	0	0	0	0
10	5	17	0	0	0	0	0	0	0	0	0	0	0	0.025563	4.2532	8.9833	11.479	10.224	8.7812	7.6566	6.9498	6.3404	5.8844	5.4876	5.3069	5.1163	5.0117	4.9185	4.8619	4.7468	4.7851	4.7823	4.9271	4.9902	5.3818	6.9053	7.2058	0.28799	0	0	0	0	0	0	0	0	0	0	0	0
10	5	21	0	0	0	0	0	0	0	0	0	0	0	0.025565	4.2575	9.121	12.537	12.175	10.824	9.4868	8.6454	7.88	7.3419	6.8326	6.603	6.3536	6.2362	6.121	6.0508	5.9051	5.9562	5.9538	6.128	6.199	6.7184	8.4734	7.7114	0.28886	0	0	0	0	0	0	0	0	0	0	0	0
10	5	25	0	0	0	0	0	0	0	0	0	0	0	0.025567	4.2586	9.173	13.119	13.595	12.594	11.168	10.261	9.3352	8.7504	8.1412	7.8579	7.5487	7.4231	7.2838	7.2	7.0297	7.0892	7.0883	7.2922	7.3618	8.0056	9.3565	7.9847	0.28888	0	0	0	0	0	0	0	0	0	0	0	0
10	5	29	0	0	0	0	0	0	0	0	0	0	0	0.025569	4.2596	9.2	13.431	14.58	14.028	12.676	11.779	10.713	10.109	9.4055	9.0748	8.7029	8.5707	8.4099	8.3123	8.116	8.1861	8.1911	8.4201	8.4711	9.2282	9.8886	8.1423	0.28891	0	0	0	0	0	0	0	0	0	0	0	0
10	5	33	0	0	0	0	0	0	0	0	0	0	0	0.025571	4.2603	9.2125	13.6	15.258	15.141	13.997	13.165	12.004	11.408	10.633	10.259	9.8181	9.6831	9.5	9.3952	9.1628	9.2591	9.2511	9.5189	9.537	10.346	10.242	8.2295	0.28896	0	0	0	0	0	0	0	0	0	0	0	0
10	6	13	0	0	0	0	0	0	0	0	0	0	0	0.025572	4.255	8.3515	8.6557	6.9569	5.8131	5.0818	4.6058	4.2194	3.9015	3.6451	3.5293	3.4078	3.3378	3.2757	3.2411	3.1647	3.193	3.192	3.2846	3.3492	3.6034	4.5137	5.3394	0.28815	0	0	0	0	0	0	0	0	0	0	0	0
10	6	17	0	0	0	0	0	0	0	0	0	0	0	0.025575	4.2617	8.9088	10.893	9.2622	7.845	6.8266	6.1928	5.673	5.2501	4.8988	4.7386	4.5805	4.4806	4.4002	4.3509	4.2539	4.2857	4.2842	4.4138	4.4923	4.8405	6.364	6.9851	0.28861	0	0	0	0	0	0	0	0	0	0	0	0
10	6	21	0	0	0	0	0	0	0	0	0	0	0	0.025578	4.2669	9.1107	12.159	11.251	9.7808	8.5232	7.7337	7.0755	6.5766	6.1192	5.9137	5.7033	5.5912	5.4961	5.4309	5.3066	5.3492	5.3495	5.5097	5.5962	6.083	8.0492	7.6686	0.28972	0	0	0	0	0	0	0	0	0	0	0	0
10	6	25	0	0	0	0	0	0	0	0	0	0	0	0.02558	4.2687	9.1896	12.907	12.825	11.551	10.126	9.2332	8.4248	7.8732	7.3147	7.0587	6.7958	6.6758	6.5631	6.4851	6.3356	6.3888	6.3929	6.5834	6.6814	7.3093	9.1642	7.9995	0.2898	0	0	0	0	0	0	0	0	0	0	0	0
10	6	29	0	0	0	0	0	0	0	0	0	0	0	0.025582	4.2697	9.2271	13.341	13.99	13.079	11.604	10.672	9.7199	9.1419	8.494	8.1798	7.8581	7.7353	7.6008	7.5112	7.3425	7.4112	7.4141	7.6283	7.7412	8.5436	9.8059	8.2029	0.28988	0	0	0	0	0	0	0	0	0	0	0	0
10	6	33	0	0	0	0	0	0	0	0	0	0	0	0.025585	4.2704	9.2462	13.587	14.83	14.336	12.947	12.034	10.96	10.368	9.6381	9.275	8.8952	8.7695	8.6149	8.513	8.3223	8.4043	8.4128	8.666	8.7768	9.7165	10.241	8.3238	0.28982	0	0	0	0	0	0	0	0	0	0	0	0
10	7	13	0	0	0	0	0	0	0	0	0	0	0	0.025581	4.2615	8.1173	7.8923	6.2815	5.2237	4.5687	4.1414	3.799	3.5132	3.2844	3.1805	3.0733	3.0111	2.9564	2.926	2.859	2.8846	2.8845	2.9668	3.035	3.2637	4.1128	4.8915	0.28869	0	0	0	0	0	0	0	0	0	0	0	0
10	7	17	0	0	0	0	0	0	0	0	0	0	0	0.025584	4.2676	8.8032	10.298	8.439	7.0866	6.1624	5.586	5.1347	4.7419	4.4247	4.2806	4.1462	4.0512	3.9797	3.9367	3.8532	3.8804	3.88	3.996	4.0826	4.4041	5.8829	6.6755	0.28922	0	0	0	0	0	0	0	0	0	0	0	0
10	7	21	0	0	0	0	0	0	0	0	0	0	0	0.025587	4.2732	9.0748	11.738	10.396	8.9066	7.7313	6.9958	6.4188	5.9559	5.5396	5.3547	5.1739	5.0662	4.9857	4.9246	4.8176	4.8543	4.8549	5.0046	5.1021	5.5637	7.5879	7.5745	0.29027	0	0	0	0	0	0	0	0	0	0	0	0
10	7	25	0	0	0	0	0	0	0	0	0	0	0	0.025589	4.2756	9.1873	12.624	12.048	10.615	9.2422	8.3822	7.6715	7.1489	6.638	6.4049	6.1774	6.0612	5.9695	5.8959	5.7626	5.8193	5.8168	5.9941	6.1181	6.7312	8.8792	7.9652	0.29052	0	0	0	0	0	0	0	0	0	0	0	0
10	7	29	0	0	0	0	0	0	0	0	0	0	0	0.025592	4.2767	9.2385	13.173	13.344	12.168	10.663	9.7323	8.883	8.3288	7.7368	7.4394	7.159	7.042	6.9303	6.8451	6.6953	6.7598	6.7666	6.9767	7.1289	7.9255	9.6567	8.2063	0.29057	0	0	0	0	0	0	0	0	0	0	0	0
10	7	33	0	0	0	0	0	0	0	0	0	0	0	0.025594	4.2776	9.2671	13.504	14.327	13.518	11.985	11.04	10.062	9.4833	8.8076	8.4582	8.1218	8.005	7.8719	7.7763	7.6107	7.6869	7.701	7.9428	8.0983	9.1129	10.154	8.361	0.29054	0	0	0	0	0	0	0	0	0	0	0	0
10	8	13	0	0	0	0	0	0	0	0	0	0	0	0.025587	4.2663	7.8875	7.2277	5.7305	4.7465	4.1457	3.7613	3.4551	3.196	2.9894	2.8951	2.8001	2.7436	2.6945	2.6675	2.608	2.631	2.6318	2.706	2.776	2.9843	3.7786	4.5107	0.28908	0	0	0	0	0	0	0	0	0	0	0	0
10	8	17	0	0	0	0	0	0	0	0	0	0	0	0.02559	4.2717	8.6711	9.6975	7.7424	6.4639	5.6197	5.0883	4.6897	4.3245	4.0352	3.9043	3.7872	3.6974	3.6329	3.5949	3.5211	3.5462	3.5462	3.6507	3.7443	4.0496	5.4613	6.3308	0.28978	0	0	0	0	0	0	0	0	0	0	0	0
10	8	21	0	0	0	0	0	0	0	0	0	0	0	0.025593	4.2773	9.0166	11.318	9.641	8.1707	7.0726	6.3894	5.8777	5.4452	5.0617	4.8933	4.736	4.6321	4.5631	4.505	4.4118	4.4433	4.4452	4.5854	4.6895	5.1213	7.151	7.4356	0.29029	0	0	0	0	0	0	0	0	0	0	0	0
10	8	25	0	0	0	0	0	0	0	0	0	0	0	0.025596	4.2801	9.1671	12.319	11.321	9.8051	8.4929	7.6746	7.0412	6.5486	6.0845	5.8651	5.6632	5.5503	5.4757	5.403	5.2853	5.337	5.335	5.5038	5.6387	6.2352	8.5392	7.9029	0.2911	0	0	0	0	0	0	0	0	0	0	0	0
10	8	29	0	0	0	0	0	0	0	0	0	0	0	0.025599	4.2819	9.2374	12.966	12.701	11.341	9.8514	8.9397	8.1811	7.6461	7.0996	6.8238	6.5743	6.462	6.367	6.2883	6.1503	6.2125	6.2218	6.4238	6.6018	7.4094	9.459	8.1766	0.29112	0	0	0	0	0	0	0	0	0	0	0	0
10	8	33	0	0	0	0	0	0	0	0	0	0	0	0.025602	4.2829	9.2743	13.385	13.797	12.726	11.141	10.175	9.3008	8.7317	8.114	7.7712	7.4735	7.3603	7.2447	7.1564	7.0069	7.0823	7.0993	7.3345	7.5347	8.5479	10.035	8.3609	0.29116	0	0	0	0	0	0	0	0	0	0	0	0
10	9	13	0	0	0	0	0	0	0	0	0	0	0	0.025592	4.2691	7.667	6.6619	5.2694	4.349	3.7924	3.4423	3.1692	2.9319	2.744	2.658	2.5731	2.5208	2.4763	2.4519	2.3985	2.4191	2.4205	2.4883	2.5582	2.7509	3.5075	4.1865	0.28949	0	0	0	0	0	0	0	0	0	0	0	0
10	9	17	0	0	0	0	0	0	0	0	0	0	0	0.025596	4.2748	8.5242	9.1163	7.1511	5.943	5.1616	4.6677	4.3135	3.9735	3.7075	3.5897	3.484	3.4006	3.3426	3.3083	3.2414	3.2656	3.2663	3.3617	3.4603	3.7456	5.0994	5.9895	0.29022	0	0	0	0	0	0	0	0	0	0	0	0
10	9	21	0	0	0	0	0	0	0	0	0	0	0	0.025599	4.2804	8.9434	10.892	8.9736	7.5428	6.5173	5.8811	5.417	5.013	4.6574	4.5052	4.3659	4.2663	4.2053	4.1535	4.07	4.0977	4.1003	4.2319	4.3397	4.7457	6.7387	7.2581	0.29059	0	0	0	0	0	0	0	0	0	0	0	0
10	9	25	0	0	0	0	0	0	0	0	0	0	0	0.025602	4.2841	9.1341	11.992	10.64	9.102	7.8562	7.0784	6.5059	6.0438	5.6094	5.4086	5.2268	5.1191	5.0561	4.9881	4.8822	4.9293	4.928	5.0879	5.2361	5.8088	8.175	7.825	0.2916	0	0	0	0	0	0	0	0	0	0	0	0
10	9	29	0	0	0	0	0	0	0	0	0	0	0	0.025622	4.286	9.2248	12.722	12.078	10.594	9.157	8.2655	7.5864	7.0695	6.5587	6.3023	6.0781	5.9721	5.8894	5.8135	5.6884	5.7478	5.7602	5.9537	6.1383	6.9325	9.2302	8.1272	0.29168	0	0	0	0	0	0	0	0	0	0	0	0
10	9	33	0	0	0	0	0	0	0	0	0	0	0	0.025625	4.2869	9.2724	13.218	13.256	11.981	10.399	9.4371	8.6458	8.0841	7.5177	7.1902	6.9215	6.8111	6.7103	6.6286	6.4933	6.5632	6.5858	6.8142	7.0373	8.0403	9.8877	8.3359	0.29171	0	0	0	0	0	0	0	0	0	0	0	0
25	4	13	0	0	0	0	0	0	0	0	0	0	0	0.02555	4.2342	9.1034	13.138	14.409	14.112	13.021	12.247	11.182	10.609	9.9182	9.6025	9.1955	9.0597	8.8721	8.7727	8.5411	8.6135	8.5871	8.8079	8.7591	9.3432	9.4819	7.8493	0.28666	0	0	0	0	0	0	0	0	0	0	0	0
25	4	17	0	0	0	0	0	0	0	0	0	0	0	0.025554	4.2449	9.1337	13.497	15.638	16.167	15.778	15.255	14.152	13.661	12.85	12.517	11.966	11.827	11.573	11.455	11.111	11.217	11.147	11.356	11.121	11.342	10.148	8.0295	0.28769	0	0	0	0	0	0	0	0	0	0	0	0
25	4	21	0	0	0	0	0	0	0	0	0	0	0	0.025557	4.2461	9.1613	13.592	16.139	17.168	17.406	17.219	16.306	15.981	15.197	14.902	14.296	14.161	13.831	13.696	13.266	13.331	13.148	13.159	12.635	12.361	10.405	8.0831	0.28775	0	0	0	0	0	0	0	0	0	0	0	0
25	4	25	0	0	0	0	0	0	0	0	0	0	0	0.025558	4.2468	9.1714	13.62	16.351	17.668	18.342	18.424	17.761	17.605	16.928	16.698	16.106	15.963	15.577	15.402	14.914	14.863	14.549	14.317	13.544	12.922	10.51	8.1047	0.28776	0	0	0	0	0	0	0	0	0	0	0	0
25	4	29	0	0	0	0	0	0	0	0	0	0	0	0.025559	4.2473	9.1766	13.657	16.44	17.916	18.882	19.162	18.711	18.699	18.142	17.98	17.43	17.278	16.858	16.634	16.098	15.928	15.493	15.071	14.11	13.234	10.554	8.111	0.28768	0	0	0	0	0	0	0	0	0	0	0	0
25	4	33	0	0	0	0	0	0	0	0	0	0	0	0.02556	4.2475	9.1784	13.673	16.493	18.042	19.196	19.614	19.332	19.433	18.981	18.881	18.377	18.219	17.777	17.512	16.936	16.667	16.133	15.563	14.46	13.409	10.575	8.1185	0.28764	0	0	0	0	0	0	0	0	0	0	0	0
25	5	13	0	0	0	0	0	0	0	0	0	0	0	0.025569	4.2486	9.1447	13.052	13.876	13.188	11.914	11.076	10.113	9.5513	8.9116	8.6134	8.2708	8.1443	7.9876	7.8973	7.7061	7.7687	7.7609	7.9623	7.9946	8.6428	9.4902	7.9706	0.28776	0	0	0	0	0	0	0	0	0	0	0	0
25	5	17	0	0	0	0	0	0	0	0	0	0	0	0.025574	4.2599	9.1968	13.581	15.479	15.705	14.922	14.237	13.104	12.566	11.769	11.396	10.902	10.769	10.56	10.449	10.172	10.279	10.25	10.52	10.459	11.101	10.343	8.2254	0.28897	0	0	0	0	0	0	0	0	0	0	0	0
25	5	21	0	0	0	0	0	0	0	0	0	0	0	0.025577	4.2618	9.2181	13.739	16.2	17.038	16.934	16.54	15.489	15.081	14.235	13.881	13.281	13.153	12.878	12.761	12.396	12.515	12.429	12.637	12.379	12.489	10.703	8.3062	0.28902	0	0	0	0	0	0	0	0	0	0	0	0
25	5	25	0	0	0	0	0	0	0	0	0	0	0	0.02558	4.2627	9.2367	13.787	16.532	17.757	18.183	18.098	17.271	17.015	16.251	15.937	15.314	15.186	14.852	14.719	14.287	14.35	14.158	14.152	13.622	13.283	10.854	8.3349	0.28903	0	0	0	0	0	0	0	0	0	0	0	0
25	5	29	0	0	0	0	0	0	0	0	0	0	0	0.025581	4.2634	9.2416	13.808	16.688	18.148	18.958	19.116	18.529	18.432	17.784	17.542	16.948	16.812	16.439	16.267	15.789	15.741	15.427	15.195	14.433	13.744	10.919	8.348	0.28907	0	0	0	0	0	0	0	0	0	0	0	0
25	5	33	0	0	0	0	0	0	0	0	0	0	0	0.025583	4.2638	9.2461	13.841	16.762	18.361	19.444	19.788	19.406	19.447	18.92	18.753	18.208	18.065	17.668	17.452	16.935	16.774	16.341	15.924	14.977	14.013	10.952	8.3539	0.289	0	0	0	0	0	0	0	0	0	0	0	0
25	6	13	0	0	0	0	0	0	0	0	0	0	0	0.025582	4.2584	9.1514	12.866	13.229	12.251	10.91	10.056	9.1986	8.6598	8.0715	7.7916	7.4929	7.3736	7.2417	7.1621	6.9932	7.0564	7.0487	7.2399	7.3197	7.9868	9.3687	8.0022	0.28869	0	0	0	0	0	0	0	0	0	0	0	0
25	6	17	0	0	0	0	0	0	0	0	0	0	0	0.025587	4.2686	9.231	13.583	15.174	15.079	13.987	13.198	12.096	11.544	10.775	10.393	9.9563	9.8295	9.651	9.5447	9.3216	9.415	9.4074	9.6841	9.7543	10.659	10.378	8.3295	0.28983	0	0	0	0	0	0	0	0	0	0	0	0
25	6	21	0	0	0	0	0	0	0	0	0	0	0	0.025591	4.2722	9.252	13.809	16.109	16.709	16.244	15.674	14.565	14.083	13.249	12.824	12.259	12.132	11.901	11.789	11.482	11.616	11.594	11.913	11.87	12.403	10.842	8.4415	0.2899	0	0	0	0	0	0	0	0	0	0	0	0
25	6	25	0	0	0	0	0	0	0	0	0	0	0	0.025595	4.2734	9.2724	13.886	16.567	17.641	17.762	17.494	16.534	16.184	15.385	14.975	14.348	14.221	13.941	13.828	13.45	13.587	13.496	13.705	13.429	13.34	11.044	8.4834	0.28992	0	0	0	0	0	0	0	0	0	0	0	0
25	6	29	0	0	0	0	0	0	0	0	0	0	0	0.025597	4.2742	9.2856	13.911	16.798	18.176	18.758	18.767	18.034	17.841	17.136	16.792	16.158	16.027	15.708	15.58	15.147	15.218	15.024	15.014	14.481	13.934	11.133	8.5017	0.28997	0	0	0	0	0	0	0	0	0	0	0	0
25	6	33	0	0	0	0	0	0	0	0	0	0	0	0.025599	4.2748	9.2893	13.936	16.911	18.483	19.412	19.639	19.129	19.09	18.506	18.238	17.644	17.508	17.162	16.996	16.528	16.493	16.182	15.956	15.191	14.296	11.177	8.5092	0.28998	0	0	0	0	0	0	0	0	0	0	0	0
25	7	13	0	0	0	0	0	0	0	0	0	0	0	0.025592	4.2654	9.1369	12.617	12.554	11.371	10.034	9.1905	8.4249	7.9129	7.3669	7.1054	6.8436	6.7294	6.6214	6.5425	6.3936	6.4532	6.4496	6.6313	6.7468	7.4303	9.1743	7.9828	0.28936	0	0	0	0	0	0	0	0	0	0	0	0
25	7	17	0	0	0	0	0	0	0	0	0	0	0	0.025597	4.2743	9.2518	13.518	14.791	14.4	13.084	12.227	11.197	10.635	9.9214	9.5337	9.1445	9.0231	8.8654	8.765	8.5783	8.6616	8.672	8.939	9.0739	10.139	10.336	8.3768	0.29056	0	0	0	0	0	0	0	0	0	0	0	0
25	7	21	0	0	0	0	0	0	0	0	0	0	0	0.025602	4.2794	9.2781	13.824	15.925	16.279	15.482	14.776	13.662	13.117	12.346	11.856	11.33	11.201	11.007	10.901	10.644	10.781	10.795	11.168	11.289	12.13	10.884	8.5235	0.29064	0	0	0	0	0	0	0	0	0	0	0	0
25	7	25	0	0	0	0	0	0	0	0	0	0	0	0.025606	4.2808	9.2952	13.936	16.51	17.402	17.216	16.777	15.73	15.302	14.52	14.025	13.401	13.266	13.034	12.931	12.6	12.765	12.759	13.126	13.109	13.303	11.142	8.5791	0.29066	0	0	0	0	0	0	0	0	0	0	0	0
25	7	29	0	0	0	0	0	0	0	0	0	0	0	0.025608	4.2821	9.3142	13.982	16.824	18.087	18.409	18.261	17.394	17.115	16.391	15.956	15.281	15.15	14.884	14.772	14.391	14.547	14.46	14.678	14.382	14.047	11.26	8.6032	0.29072	0	0	0	0	0	0	0	0	0	0	0	0
25	7	33	0	0	0	0	0	0	0	0	0	0	0	0.02561	4.283	9.3196	14.003	16.993	18.497	19.223	19.319	18.678	18.553	17.925	17.573	16.914	16.783	16.487	16.361	15.939	16.015	15.83	15.804	15.221	14.499	11.323	8.6183	0.29075	0	0	0	0	0	0	0	0	0	0	0	0
25	8	13	0	0	0	0	0	0	0	0	0	0	0	0.025599	4.271	9.1021	12.339	11.899	10.584	9.2772	8.4577	7.7688	7.2784	6.7752	6.5298	6.2974	6.1877	6.0966	6.0217	5.8868	5.943	5.942	6.1234	6.2451	6.929	8.931	7.9359	0.28997	0	0	0	0	0	0	0	0	0	0	0	0
25	8	17	0	0	0	0	0	0	0	0	0	0	0	0.025605	4.2782	9.256	13.412	14.363	13.705	12.264	11.355	10.405	9.8385	9.1864	8.7981	8.4476	8.3322	8.1919	8.099	7.9371	8.0148	8.0377	8.293	8.5039	9.6132	10.248	8.3871	0.29112	0	0	0	0	0	0	0	0	0	0	0	0
25	8	21	0	0	0	0	0	0	0	0	0	0	0	0.02561	4.2848	9.2947	13.808	15.686	15.799	14.729	13.928	12.826	12.254	11.536	11.013	10.521	10.391	10.223	10.119	9.9051	10.032	10.066	10.456	10.719	11.786	10.87	8.5701	0.29124	0	0	0	0	0	0	0	0	0	0	0	0
25	8	25	0	0	0	0	0	0	0	0	0	0	0	0.025614	4.2866	9.312	13.962	16.402	17.104	16.638	16.03	14.943	14.455	13.696	13.156	12.539	12.392	12.203	12.094	11.82	11.988	12.034	12.522	12.683	13.253	11.18	8.6418	0.29127	0	0	0	0	0	0	0	0	0	0	0	0
25	8	29	0	0	0	0	0	0	0	0	0	0	0	0.025617	4.2881	9.3283	14.026	16.798	17.918	17.996	17.673	16.706	16.362	15.612	15.126	14.425	14.284	14.064	13.962	13.647	13.838	13.832	14.239	14.151	14.111	11.332	8.6745	0.29133	0	0	0	0	0	0	0	0	0	0	0	0
25	8	33	0	0	0	0	0	0	0	0	0	0	0	0.025637	4.2892	9.3421	14.055	17.022	18.431	18.951	18.899	18.127	17.93	17.256	16.854	16.129	16.002	15.756	15.656	15.298	15.454	15.369	15.568	15.144	14.623	11.411	8.691	0.2914	0	0	0	0	0	0	0	0	0	0	0	0
25	9	13	0	0	0	0	0	0	0	0	0	0	0	0.025622	4.275	9.0519	12.042	11.268	9.8844	8.6272	7.8336	7.2092	6.7392	6.2694	6.0403	5.8287	5.7259	5.6467	5.5795	5.4546	5.5084	5.5092	5.6849	5.8158	6.4872	8.6524	7.8722	0.29051	0	0	0	0	0	0	0	0	0	0	0	0
25	9	17	0	0	0	0	0	0	0	0	0	0	0	0.025628	4.2806	9.2498	13.265	13.917	13.03	11.522	10.593	9.7142	9.1487	8.5535	8.1703	7.8513	7.7378	7.6123	7.5264	7.3814	7.4527	7.4979	7.7486	7.9789	9.1241	10.13	8.3725	0.29135	0	0	0	0	0	0	0	0	0	0	0	0
25	9	21	0	0	0	0	0	0	0	0	0	0	0	0.025633	4.288	9.302	13.759	15.412	15.29	14.024	13.131	12.07	11.477	10.81	10.28	9.8265	9.6904	9.5351	9.4359	9.2693	9.3763	9.4251	9.8164	10.162	11.472	10.814	8.591	0.29179	0	0	0	0	0	0	0	0	0	0	0	0
25	9	25	0	0	0	0	0	0	0	0	0	0	0	0.025638	4.2909	9.3241	13.959	16.254	16.756	16.031	15.3	14.199	13.666	12.926	12.379	11.756	11.618	11.451	11.339	11.118	11.278	11.351	11.917	12.239	13.151	11.184	8.6823	0.29188	0	0	0	0	0	0	0	0	0	0	0	0
25	9	29	0	0	0	0	0	0	0	0	0	0	0	0.025641	4.2927	9.3382	14.049	16.736	17.703	17.53	17.055	16.019	15.614	14.853	14.349	13.635	13.479	13.3	13.195	12.942	13.155	13.217	13.777	13.875	14.112	11.369	8.7238	0.29196	0	0	0	0	0	0	0	0	0	0	0	0
25	9	33	0	0	0	0	0	0	0	0	0	0	0	0.025644	4.294	9.3558	14.09	17.009	18.311	18.61	18.417	17.537	17.284	16.58	16.128	15.374	15.236	15.044	14.948	14.619	14.862	14.859	15.248	14.995	14.697	11.465	8.743	0.29204	0	0	0	0	0	0	0	0	0	0	0	0
40	4	13	0	0	0	0	0	0	0	0	0	0	0	0.025555	4.2358	9.1268	13.473	15.704	16.404	16.298	15.925	14.924	14.518	13.73	13.427	12.859	12.724	12.44	12.317	11.934	12.019	11.904	12.034	11.679	11.673	10.174	8.021	0.28738	0	0	0	0	0	0	0	0	0	0	0	0
40	4	17	0	0	0	0	0	0	0	0	0	0	0	0.025558	4.2465	9.1533	13.597	16.264	17.51	18.135	18.193	17.537	17.375	16.709	16.486	15.907	15.767	15.385	15.211	14.728	14.677	14.366	14.14	13.383	12.786	10.461	8.0875	0.28776	0	0	0	0	0	0	0	0	0	0	0	0
40	4	21	0	0	0	0	0	0	0	0	0	0	0	0.02556	4.2472	9.1734	13.63	16.427	17.918	18.952	19.287	18.925	18.968	18.471	18.343	17.826	17.671	17.242	16.996	16.444	16.219	15.734	15.237	14.212	13.262	10.545	8.1004	0.28774	0	0	0	0	0	0	0	0	0	0	0	0
40	4	25	0	0	0	0	0	0	0	0	0	0	0	0.025561	4.2476	9.178	13.671	16.49	18.071	19.321	19.819	19.658	19.841	19.479	19.43	18.975	18.815	18.358	18.059	17.455	17.105	16.498	15.817	14.623	13.467	10.569	8.1169	0.28773	0	0	0	0	0	0	0	0	0	0	0	0
40	4	29	0	0	0	0	0	0	0	0	0	0	0	0.025561	4.2478	9.1796	13.682	16.535	18.13	19.491	20.076	20.046	20.317	20.048	20.056	19.651	19.49	19.018	18.682	18.047	17.608	16.917	16.119	14.826	13.56	10.588	8.1238	0.2877	0	0	0	0	0	0	0	0	0	0	0	0
40	4	33	0	0	0	0	0	0	0	0	0	0	0	0.025561	4.2479	9.1801	13.686	16.563	18.183	19.571	20.189	20.25	20.576	20.368	20.416	20.048	19.886	19.405	19.047	18.389	17.896	17.153	16.282	14.933	13.595	10.606	8.1258	0.28767	0	0	0	0	0	0	0	0	0	0	0	0
40	5	13	0	0	0	0	0	0	0	0	0	0	0	0.025575	4.2505	9.1896	13.563	15.622	16.088	15.626	15.08	14.011	13.54	12.74	12.388	11.856	11.726	11.492	11.377	11.06	11.168	11.112	11.353	11.205	11.613	10.4	8.2207	0.28813	0	0	0	0	0	0	0	0	0	0	0	0
40	5	17	0	0	0	0	0	0	0	0	0	0	0	0.025579	4.2622	9.208	13.756	16.413	17.565	17.959	17.861	17.054	16.805	16.06	15.76	15.154	15.028	14.698	14.564	14.135	14.19	13.994	13.983	13.458	13.127	10.792	8.317	0.28903	0	0	0	0	0	0	0	0	0	0	0	0
40	5	21	0	0	0	0	0	0	0	0	0	0	0	0.025582	4.2634	9.2383	13.789	16.681	18.176	19.105	19.35	18.883	18.861	18.29	18.094	17.539	17.401	17.015	16.819	16.324	16.207	15.827	15.487	14.63	13.811	10.911	8.3431	0.28906	0	0	0	0	0	0	0	0	0	0	0	0
40	5	25	0	0	0	0	0	0	0	0	0	0	0	0.025583	4.264	9.246	13.835	16.775	18.43	19.679	20.148	19.94	20.096	19.692	19.598	19.117	18.973	18.559	18.301	17.752	17.48	16.945	16.367	15.272	14.126	10.955	8.348	0.28903	0	0	0	0	0	0	0	0	0	0	0	0
40	5	29	0	0	0	0	0	0	0	0	0	0	0	0.025584	4.2643	9.2484	13.856	16.822	18.54	19.967	20.573	20.549	20.831	20.559	20.546	20.137	19.993	19.559	19.256	18.665	18.274	17.625	16.87	15.614	14.271	10.971	8.3651	0.28904	0	0	0	0	0	0	0	0	0	0	0	0
40	5	33	0	0	0	0	0	0	0	0	0	0	0	0.025584	4.2645	9.2497	13.864	16.859	18.592	20.117	20.804	20.898	21.264	21.086	21.135	20.785	20.643	20.196	19.862	19.24	18.762	18.033	17.153	15.799	14.348	10.989	8.3685	0.28903	0	0	0	0	0	0	0	0	0	0	0	0
40	6	13	0	0	0	0	0	0	0	0	0	0	0	0.025589	4.2606	9.2227	13.571	15.398	15.597	14.809	14.141	13.062	12.558	11.778	11.392	10.908	10.779	10.581	10.471	10.211	10.315	10.291	10.577	10.575	11.358	10.47	8.3299	0.28878	0	0	0	0	0	0	0	0	0	0	0	0
40	6	17	0	0	0	0	0	0	0	0	0	0	0	0.025594	4.2712	9.2498	13.84	16.42	17.422	17.531	17.263	16.338	16	15.222	14.836	14.227	14.102	13.824	13.708	13.332	13.456	13.355	13.548	13.263	13.177	10.966	8.4598	0.2899	0	0	0	0	0	0	0	0	0	0	0	0
40	6	21	0	0	0	0	0	0	0	0	0	0	0	0.025597	4.2741	9.274	13.902	16.799	18.234	18.985	19.106	18.516	18.409	17.784	17.495	16.895	16.765	16.431	16.278	15.83	15.832	15.573	15.43	14.77	14.042	11.125	8.4957	0.28998	0	0	0	0	0	0	0	0	0	0	0	0
40	6	25	0	0	0	0	0	0	0	0	0	0	0	0.025599	4.2751	9.2888	13.926	16.944	18.605	19.766	20.161	19.864	19.963	19.519	19.343	18.82	18.685	18.318	18.11	17.606	17.444	17.012	16.578	15.614	14.468	11.184	8.5067	0.28998	0	0	0	0	0	0	0	0	0	0	0	0
40	6	29	0	0	0	0	0	0	0	0	0	0	0	0.0256	4.2757	9.2942	13.965	17.008	18.771	20.186	20.764	20.688	20.943	20.651	20.579	20.142	20.006	19.619	19.36	18.808	18.511	17.939	17.274	16.095	14.687	11.212	8.519	0.29	0	0	0	0	0	0	0	0	0	0	0	0
40	6	33	0	0	0	0	0	0	0	0	0	0	0	0.025601	4.2761	9.297	13.981	17.048	18.856	20.414	21.108	21.194	21.558	21.386	21.402	21.038	20.908	20.507	20.205	19.618	19.207	18.53	17.693	16.372	14.802	11.22	8.5282	0.29001	0	0	0	0	0	0	0	0	0	0	0	0
40	7	13	0	0	0	0	0	0	0	0	0	0	0	0.025599	4.2677	9.238	13.515	15.092	15.033	13.976	13.219	12.179	11.642	10.916	10.504	10.067	9.945	9.7669	9.6634	9.45	9.5458	9.5421	9.8358	9.9414	10.924	10.451	8.3835	0.28946	0	0	0	0	0	0	0	0	0	0	0	0
40	7	17	0	0	0	0	0	0	0	0	0	0	0	0.025605	4.2767	9.2779	13.873	16.337	17.164	16.986	16.558	15.556	15.142	14.383	13.916	13.312	13.179	12.948	12.843	12.515	12.67	12.646	12.983	12.939	13.134	11.048	8.5504	0.29063	0	0	0	0	0	0	0	0	0	0	0	0
40	7	21	0	0	0	0	0	0	0	0	0	0	0	0.025609	4.2821	9.2957	13.973	16.836	18.184	18.717	18.704	17.986	17.798	17.143	16.768	16.115	15.989	15.702	15.588	15.185	15.286	15.138	15.203	14.74	14.192	11.257	8.5984	0.2907	0	0	0	0	0	0	0	0	0	0	0	0
40	7	25	0	0	0	0	0	0	0	0	0	0	0	0.025611	4.2835	9.3198	13.996	17.047	18.676	19.701	19.999	19.595	19.626	19.133	18.893	18.308	18.177	17.857	17.693	17.246	17.195	16.871	16.594	15.753	14.726	11.336	8.618	0.29074	0	0	0	0	0	0	0	0	0	0	0	0
40	7	29	0	0	0	0	0	0	0	0	0	0	0	0.025612	4.2843	9.3276	14.038	17.133	18.913	20.256	20.776	20.622	20.837	20.498	20.386	19.89	19.768	19.429	19.215	18.708	18.496	18.02	17.479	16.362	15.01	11.367	8.6203	0.29076	0	0	0	0	0	0	0	0	0	0	0	0
40	7	33	0	0	0	0	0	0	0	0	0	0	0	0.025613	4.2847	9.3307	14.061	17.174	19.03	20.567	21.237	21.277	21.625	21.423	21.412	21.005	20.89	20.537	20.277	19.726	19.387	18.782	18.021	16.716	15.142	11.382	8.6349	0.29079	0	0	0	0	0	0	0	0	0	0	0	0
40	8	13	0	0	0	0	0	0	0	0	0	0	0	0.025607	4.2734	9.2366	13.417	14.737	14.431	13.192	12.368	11.376	10.825	10.165	9.7379	9.3357	9.2163	9.058	8.9624	8.78	8.8702	8.8878	9.1804	9.3643	10.458	10.38	8.4009	0.29002	0	0	0	0	0	0	0	0	0	0	0	0
40	8	17	0	0	0	0	0	0	0	0	0	0	0	0.025613	4.2806	9.2969	13.88	16.206	16.852	16.409	15.83	14.79	14.32	13.586	13.073	12.473	12.331	12.139	12.037	11.756	11.911	11.942	12.395	12.526	13.075	11.072	8.6071	0.29125	0	0	0	0	0	0	0	0	0	0	0	0
40	8	21	0	0	0	0	0	0	0	0	0	0	0	0.025618	4.2882	9.3135	14.016	16.828	18.059	18.382	18.215	17.383	17.13	16.438	16.012	15.32	15.184	14.949	14.849	14.503	14.664	14.615	14.884	14.587	14.285	11.329	8.6698	0.29135	0	0	0	0	0	0	0	0	0	0	0	0
40	8	25	0	0	0	0	0	0	0	0	0	0	0	0.025638	4.2899	9.3392	14.054	17.096	18.668	19.543	19.722	19.208	19.179	18.632	18.345	17.68	17.565	17.29	17.174	16.751	16.815	16.592	16.494	15.779	14.882	11.43	8.6914	0.29145	0	0	0	0	0	0	0	0	0	0	0	0
40	8	29	0	0	0	0	0	0	0	0	0	0	0	0.025639	4.2907	9.3504	14.076	17.209	18.972	20.221	20.655	20.412	20.578	20.2	20.046	19.489	19.381	19.078	18.914	18.435	18.343	17.955	17.518	16.485	15.216	11.47	8.6992	0.29145	0	0	0	0	0	0	0	0	0	0	0	0
40	8	33	0	0	0	0	0	0	0	0	0	0	0	0.02564	4.2914	9.3559	14.114	17.269	19.13	20.623	21.24	21.213	21.529	21.306	21.268	20.801	20.711	20.387	20.179	19.645	19.415	18.865	18.18	16.927	15.385	11.496	8.7115	0.29146	0	0	0	0	0	0	0	0	0	0	0	0
40	9	13	0	0	0	0	0	0	0	0	0	0	0	0.02563	4.2776	9.2246	13.281	14.363	13.831	12.468	11.604	10.666	10.109	9.5078	9.0703	8.7018	8.5867	8.443	8.3534	8.1942	8.276	8.306	8.6082	8.8422	9.9881	10.283	8.3927	0.2906	0	0	0	0	0	0	0	0	0	0	0	0
40	9	17	0	0	0	0	0	0	0	0	0	0	0	0.025637	4.2833	9.3069	13.858	16.036	16.493	15.811	15.113	14.059	13.553	12.831	12.312	11.712	11.576	11.41	11.299	11.072	11.223	11.286	11.807	12.08	12.955	11.059	8.6393	0.29184	0	0	0	0	0	0	0	0	0	0	0	0
40	9	21	0	0	0	0	0	0	0	0	0	0	0	0.025642	4.292	9.329	14.034	16.775	17.88	17.984	17.674	16.755	16.45	15.727	15.271	14.558	14.413	14.217	14.118	13.825	14.052	14.055	14.51	14.393	14.294	11.365	8.7173	0.29191	0	0	0	0	0	0	0	0	0	0	0	0
40	9	25	0	0	0	0	0	0	0	0	0	0	0	0.025645	4.2948	9.3485	14.094	17.105	18.609	19.31	19.378	18.755	18.66	18.086	17.758	17.049	16.913	16.693	16.598	16.197	16.38	16.251	16.313	15.723	14.999	11.49	8.7458	0.29205	0	0	0	0	0	0	0	0	0	0	0	0
40	9	29	0	0	0	0	0	0	0	0	0	0	0	0.025647	4.2959	9.3666	14.11	17.262	18.991	20.12	20.474	20.135	20.251	19.843	19.658	19.048	18.919	18.674	18.553	18.082	18.125	17.806	17.494	16.554	15.36	11.545	8.7609	0.29218	0	0	0	0	0	0	0	0	0	0	0	0
40	9	33	0	0	0	0	0	0	0	0	0	0	0	0.025648	4.2967	9.3743	14.15	17.332	19.19	20.612	21.175	21.069	21.354	21.1	21.049	20.548	20.448	20.161	19.988	19.522	19.345	18.853	18.248	17.068	15.538	11.571	8.7634	0.29225	0	0	0	0	0	0	0	0	0	0	0	0
55	4	13	0	0	0	0	0	0	0	0	0	0	0	0.025558	4.2366	9.1292	13.558	16.115	17.253	17.772	17.77	17.082	16.89	16.217	15.99	15.417	15.281	14.912	14.748	14.278	14.25	13.965	13.784	13.082	12.56	10.381	8.0641	0.28752	0	0	0	0	0	0	0	0	0	0	0	0
55	4	17	0	0	0	0	0	0	0	0	0	0	0	0.02556	4.247	9.1676	13.602	16.408	17.892	18.945	19.301	18.981	19.049	18.585	18.474	17.976	17.821	17.388	17.131	16.572	16.319	15.811	15.278	14.226	13.251	10.533	8.0986	0.28775	0	0	0	0	0	0	0	0	0	0	0	0
55	4	21	0	0	0	0	0	0	0	0	0	0	0	0.025561	4.2476	9.1773	13.665	16.482	18.073	19.373	19.91	19.814	20.044	19.73	19.709	19.286	19.125	18.66	18.343	17.723	17.328	16.677	15.935	14.697	13.489	10.567	8.1103	0.28775	0	0	0	0	0	0	0	0	0	0	0	0
55	4	25	0	0	0	0	0	0	0	0	0	0	0	0.025561	4.2478	9.1794	13.682	16.542	18.138	19.533	20.146	20.182	20.496	20.276	20.315	19.942	19.78	19.302	18.947	18.295	17.812	17.08	16.224	14.888	13.578	10.589	8.1237	0.28778	0	0	0	0	0	0	0	0	0	0	0	0
55	4	29	0	0	0	0	0	0	0	0	0	0	0	0.025561	4.2479	9.1798	13.686	16.57	18.203	19.606	20.241	20.333	20.691	20.537	20.611	20.271	20.113	19.623	19.251	18.575	18.043	17.274	16.342	14.963	13.588	10.608	8.1259	0.28771	0	0	0	0	0	0	0	0	0	0	0	0
55	4	33	0	0	0	0	0	0	0	0	0	0	0	0.025561	4.248	9.1809	13.685	16.57	18.237	19.66	20.317	20.414	20.775	20.634	20.706	20.412	20.253	19.764	19.372	18.703	18.125	17.315	16.365	14.97	13.64	10.612	8.127	0.28767	0	0	0	0	0	0	0	0	0	0	0	0
55	5	13	0	0	0	0	0	0	0	0	0	0	0	0.025579	4.2516	9.1986	13.693	16.218	17.246	17.536	17.381	16.553	16.286	15.539	15.247	14.656	14.533	14.216	14.086	13.669	13.733	13.553	13.576	13.104	12.84	10.69	8.2859	0.28838	0	0	0	0	0	0	0	0	0	0	0	0
55	5	17	0	0	0	0	0	0	0	0	0	0	0	0.025582	4.2632	9.2199	13.782	16.657	18.153	19.13	19.414	19.012	19.027	18.502	18.333	17.804	17.666	17.275	17.064	16.562	16.404	15.989	15.593	14.689	13.81	10.896	8.3357	0.28905	0	0	0	0	0	0	0	0	0	0	0	0
55	5	21	0	0	0	0	0	0	0	0	0	0	0	0.025583	4.264	9.2449	13.824	16.775	18.458	19.788	20.322	20.215	20.439	20.112	20.062	19.626	19.482	19.058	18.775	18.205	17.865	17.268	16.591	15.413	14.174	10.952	8.3413	0.28904	0	0	0	0	0	0	0	0	0	0	0	0
55	5	25	0	0	0	0	0	0	0	0	0	0	0	0.025584	4.2644	9.2483	13.858	16.826	18.561	20.059	20.729	20.802	21.153	20.963	21.001	20.646	20.503	20.059	19.728	19.116	18.648	17.932	17.073	15.742	14.315	10.965	8.3659	0.28906	0	0	0	0	0	0	0	0	0	0	0	0
55	5	29	0	0	0	0	0	0	0	0	0	0	0	0.025584	4.2646	9.2498	13.865	16.873	18.615	20.181	20.906	21.089	21.512	21.413	21.505	21.205	21.063	20.61	20.249	19.612	19.064	18.278	17.308	15.892	14.377	10.996	8.3689	0.28906	0	0	0	0	0	0	0	0	0	0	0	0
55	5	33	0	0	0	0	0	0	0	0	0	0	0	0.025584	4.2646	9.2501	13.867	16.891	18.661	20.238	20.987	21.222	21.69	21.649	21.774	21.509	21.374	20.913	20.533	19.877	19.282	18.459	17.423	15.963	14.385	11.002	8.3704	0.289	0	0	0	0	0	0	0	0	0	0	0	0
55	6	13	0	0	0	0	0	0	0	0	0	0	0	0.025593	4.2619	9.2403	13.753	16.181	17.049	17.061	16.747	15.821	15.47	14.703	14.333	13.746	13.623	13.357	13.241	12.876	12.993	12.896	13.101	12.855	12.878	10.841	8.4202	0.28885	0	0	0	0	0	0	0	0	0	0	0	0
55	6	17	0	0	0	0	0	0	0	0	0	0	0	0.025597	4.2726	9.2531	13.894	16.772	18.222	19.049	19.225	18.716	18.659	18.086	17.832	17.259	17.13	16.787	16.621	16.164	16.123	15.821	15.602	14.875	14.06	11.108	8.4896	0.28999	0	0	0	0	0	0	0	0	0	0	0	0
55	6	21	0	0	0	0	0	0	0	0	0	0	0	0.025599	4.2752	9.2876	13.914	16.951	18.656	19.94	20.43	20.26	20.448	20.093	19.979	19.513	19.378	18.999	18.761	18.234	17.987	17.476	16.91	15.827	14.549	11.186	8.5056	0.28998	0	0	0	0	0	0	0	0	0	0	0	0
55	6	25	0	0	0	0	0	0	0	0	0	0	0	0.0256	4.2759	9.2953	13.969	17.016	18.82	20.342	21.014	21.075	21.423	21.239	21.242	20.875	20.743	20.344	20.046	19.468	19.067	18.404	17.59	16.293	14.759	11.213	8.5208	0.29002	0	0	0	0	0	0	0	0	0	0	0	0
55	6	29	0	0	0	0	0	0	0	0	0	0	0	0.025601	4.2762	9.2974	13.983	17.064	18.882	20.53	21.295	21.5	21.948	21.878	21.962	21.674	21.548	21.134	20.797	20.189	19.674	18.911	17.937	16.514	14.854	11.229	8.529	0.29001	0	0	0	0	0	0	0	0	0	0	0	0
55	6	33	0	0	0	0	0	0	0	0	0	0	0	0.025601	4.2764	9.2988	13.988	17.096	18.929	20.616	21.428	21.724	22.231	22.242	22.375	22.14	22.018	21.597	21.233	20.609	20.017	19.193	18.123	16.63	14.898	11.245	8.5311	0.29001	0	0	0	0	0	0	0	0	0	0	0	0
55	7	13	0	0	0	0	0	0	0	0	0	0	0	0.025604	4.2693	9.2638	13.761	16.055	16.749	16.484	16.022	15.04	14.622	13.873	13.43	12.859	12.73	12.508	12.4	12.083	12.225	12.195	12.515	12.487	12.771	10.901	8.5009	0.28951	0	0	0	0	0	0	0	0	0	0	0	0
55	7	17	0	0	0	0	0	0	0	0	0	0	0	0.025609	4.2785	9.2832	13.959	16.811	18.184	18.822	18.879	18.251	18.121	17.512	17.178	16.553	16.429	16.133	16.008	15.593	15.653	15.467	15.435	14.878	14.222	11.237	8.5905	0.29071	0	0	0	0	0	0	0	0	0	0	0	0
55	7	21	0	0	0	0	0	0	0	0	0	0	0	0.025611	4.2837	9.3141	13.991	17.067	18.756	19.945	20.36	20.108	20.243	19.847	19.684	19.16	19.036	18.703	18.508	18.031	17.882	17.466	17.027	16.034	14.837	11.34	8.6152	0.29075	0	0	0	0	0	0	0	0	0	0	0	0
55	7	25	0	0	0	0	0	0	0	0	0	0	0	0.025613	4.2845	9.3282	14.04	17.147	18.98	20.479	21.12	21.135	21.465	21.253	21.23	20.821	20.704	20.353	20.095	19.554	19.224	18.631	17.896	16.622	15.096	11.372	8.6181	0.29077	0	0	0	0	0	0	0	0	0	0	0	0
55	7	29	0	0	0	0	0	0	0	0	0	0	0	0.025613	4.285	9.3322	14.065	17.192	19.072	20.739	21.509	21.708	22.159	22.091	22.169	21.858	21.753	21.379	21.075	20.494	20.023	19.312	18.353	16.924	15.209	11.381	8.639	0.29079	0	0	0	0	0	0	0	0	0	0	0	0
55	7	33	0	0	0	0	0	0	0	0	0	0	0	0.025614	4.2853	9.3339	14.073	17.233	19.12	20.869	21.707	22.022	22.549	22.578	22.722	22.488	22.388	21.999	21.66	21.059	20.486	19.687	18.598	17.075	15.265	11.405	8.6419	0.29077	0	0	0	0	0	0	0	0	0	0	0	0
55	8	13	0	0	0	0	0	0	0	0	0	0	0	0.025612	4.2752	9.2728	13.738	15.881	16.396	15.88	15.29	14.28	13.809	13.101	12.611	12.05	11.91	11.726	11.62	11.346	11.488	11.504	11.922	12.051	12.662	10.901	8.5468	0.29014	0	0	0	0	0	0	0	0	0	0	0	0
55	8	17	0	0	0	0	0	0	0	0	0	0	0	0.025618	4.2826	9.3084	13.995	16.803	18.072	18.523	18.439	17.702	17.508	16.859	16.478	15.803	15.675	15.429	15.326	14.965	15.098	15.004	15.173	14.776	14.319	11.306	8.6599	0.29135	0	0	0	0	0	0	0	0	0	0	0	0
55	8	21	0	0	0	0	0	0	0	0	0	0	0	0.025638	4.29	9.3282	14.056	17.125	18.776	19.85	20.17	19.824	19.907	19.47	19.259	18.671	18.563	18.268	18.13	17.68	17.635	17.316	17.009	16.113	15.018	11.434	8.6913	0.29144	0	0	0	0	0	0	0	0	0	0	0	0
55	8	25	0	0	0	0	0	0	0	0	0	0	0	0.02564	4.2911	9.3513	14.077	17.237	19.071	20.518	21.103	21.055	21.352	21.119	21.07	20.604	20.511	20.189	19.982	19.459	19.228	18.702	18.032	16.822	15.329	11.478	8.6962	0.29144	0	0	0	0	0	0	0	0	0	0	0	0
55	8	29	0	0	0	0	0	0	0	0	0	0	0	0.025641	4.2918	9.3576	14.122	17.284	19.201	20.853	21.604	21.77	22.21	22.14	22.209	21.859	21.777	21.431	21.168	20.615	20.208	19.531	18.599	17.191	15.463	11.497	8.7153	0.29145	0	0	0	0	0	0	0	0	0	0	0	0
55	8	33	0	0	0	0	0	0	0	0	0	0	0	0.025641	4.2921	9.3602	14.135	17.331	19.257	21.029	21.872	22.181	22.713	22.756	22.906	22.656	22.578	22.211	21.904	21.33	20.794	20.009	18.912	17.388	15.533	11.515	8.722	0.29144	0	0	0	0	0	0	0	0	0	0	0	0
55	9	13	0	0	0	0	0	0	0	0	0	0	0	0.025636	4.2798	9.2729	13.682	15.674	16.005	15.267	14.573	13.56	13.056	12.369	11.87	11.321	11.178	11.016	10.916	10.686	10.822	10.868	11.336	11.582	12.501	10.862	8.5677	0.2907	0	0	0	0	0	0	0	0	0	0	0	0
55	9	17	0	0	0	0	0	0	0	0	0	0	0	0.025642	4.2853	9.3252	14.007	16.752	17.909	18.162	17.947	17.121	16.872	16.194	15.771	15.068	14.938	14.734	14.641	14.318	14.528	14.503	14.85	14.601	14.33	11.341	8.7069	0.29192	0	0	0	0	0	0	0	0	0	0	0	0
55	9	21	0	0	0	0	0	0	0	0	0	0	0	0.025646	4.2946	9.3391	14.097	17.148	18.75	19.687	19.917	19.476	19.502	19.031	18.792	18.144	18.03	17.782	17.674	17.239	17.336	17.097	16.906	16.123	15.136	11.497	8.7468	0.29206	0	0	0	0	0	0	0	0	0	0	0	0
55	9	25	0	0	0	0	0	0	0	0	0	0	0	0.025647	4.2964	9.3665	14.111	17.297	19.12	20.489	21.021	20.898	21.165	20.904	20.84	20.344	20.238	19.952	19.78	19.305	19.153	18.676	18.092	16.945	15.471	11.556	8.7607	0.29218	0	0	0	0	0	0	0	0	0	0	0	0
55	9	29	0	0	0	0	0	0	0	0	0	0	0	0.025648	4.2971	9.376	14.157	17.357	19.281	20.904	21.629	21.746	22.171	22.081	22.158	21.791	21.7	21.378	21.158	20.64	20.286	19.628	18.757	17.378	15.626	11.58	8.7696	0.29212	0	0	0	0	0	0	0	0	0	0	0	0
55	9	33	0	0	0	0	0	0	0	0	0	0	0	0.02565	4.2975	9.3789	14.178	17.394	19.355	21.124	21.961	22.243	22.778	22.816	22.984	22.725	22.645	22.304	22.028	21.478	20.964	20.185	19.12	17.6	15.702	11.584	8.7818	0.29223	0	0	0	0	0	0	0	0	0	0	0	0
70	4	13	0	0	0	0	0	0	0	0	0	0	0	0.025559	4.2369	9.1321	13.587	16.281	17.627	18.491	18.718	18.278	18.254	17.718	17.568	17.047	16.899	16.487	16.264	15.742	15.565	15.137	14.721	13.793	12.977	10.462	8.081	0.28758	0	0	0	0	0	0	0	0	0	0	0	0
70	4	17	0	0	0	0	0	0	0	0	0	0	0	0.02556	4.2473	9.1719	13.617	16.446	18.024	19.274	19.774	19.643	19.844	19.512	19.478	19.045	18.885	18.427	18.117	17.509	17.133	16.507	15.797	14.592	13.43	10.552	8.0911	0.28777	0	0	0	0	0	0	0	0	0	0	0	0
70	4	21	0	0	0	0	0	0	0	0	0	0	0	0.025561	4.2477	9.1783	13.677	16.517	18.111	19.507	20.123	20.158	20.469	20.251	20.29	19.921	19.758	19.279	18.924	18.274	17.788	17.058	16.202	14.871	13.566	10.569	8.1217	0.28782	0	0	0	0	0	0	0	0	0	0	0	0
70	4	25	0	0	0	0	0	0	0	0	0	0	0	0.025561	4.2479	9.1797	13.685	16.568	18.194	19.597	20.235	20.335	20.699	20.554	20.633	20.299	20.143	19.653	19.275	18.602	18.061	17.284	16.343	14.958	13.577	10.606	8.1252	0.28778	0	0	0	0	0	0	0	0	0	0	0	0
70	4	29	0	0	0	0	0	0	0	0	0	0	0	0.025561	4.2479	9.1804	13.685	16.573	18.237	19.668	20.313	20.424	20.793	20.652	20.728	20.42	20.256	19.768	19.367	18.712	18.125	17.317	16.376	14.968	13.647	10.612	8.1267	0.2877	0	0	0	0	0	0	0	0	0	0	0	0
70	4	33	0	0	0	0	0	0	0	0	0	0	0	0.025561	4.2479	9.181	13.687	16.562	18.243	19.713	20.382	20.483	20.865	20.727	20.812	20.489	20.326	19.837	19.436	18.753	18.18	17.388	16.447	15.063	13.671	10.614	8.1272	0.28767	0	0	0	0	0	0	0	0	0	0	0	0
70	5	13	0	0	0	0	0	0	0	0	0	0	0	0.02558	4.2522	9.2004	13.743	16.469	17.788	18.528	18.659	18.121	18.036	17.434	17.223	16.67	16.54	16.17	15.996	15.524	15.452	15.123	14.864	14.104	13.442	10.805	8.3111	0.28857	0	0	0	0	0	0	0	0	0	0	0	0
70	5	17	0	0	0	0	0	0	0	0	0	0	0	0.025583	4.2637	9.2315	13.78	16.738	18.38	19.644	20.137	19.99	20.184	19.833	19.767	19.324	19.181	18.762	18.488	17.931	17.612	17.04	16.402	15.268	14.088	10.934	8.3409	0.28904	0	0	0	0	0	0	0	0	0	0	0	0
70	5	21	0	0	0	0	0	0	0	0	0	0	0	0.025584	4.2643	9.247	13.848	16.803	18.539	20.034	20.705	20.78	21.132	20.951	20.991	20.643	20.5	20.056	19.722	19.11	18.636	17.917	17.052	15.72	14.295	10.962	8.3582	0.28906	0	0	0	0	0	0	0	0	0	0	0	0
70	5	25	0	0	0	0	0	0	0	0	0	0	0	0.025584	4.2645	9.2493	13.863	16.865	18.607	20.178	20.913	21.114	21.548	21.466	21.568	21.28	21.14	20.686	20.319	19.678	19.113	18.313	17.327	15.9	14.369	10.991	8.3681	0.28907	0	0	0	0	0	0	0	0	0	0	0	0
70	5	29	0	0	0	0	0	0	0	0	0	0	0	0.025584	4.2646	9.2501	13.867	16.893	18.663	20.245	20.999	21.246	21.72	21.698	21.833	21.589	21.454	20.992	20.601	19.948	19.33	18.497	17.433	15.968	14.384	11.002	8.3701	0.28904	0	0	0	0	0	0	0	0	0	0	0	0
70	5	33	0	0	0	0	0	0	0	0	0	0	0	0.025584	4.2647	9.2506	13.869	16.895	18.695	20.302	21.064	21.324	21.803	21.79	21.921	21.712	21.576	21.119	20.709	20.071	19.407	18.542	17.464	15.984	14.439	11.005	8.3711	0.28902	0	0	0	0	0	0	0	0	0	0	0	0
70	6	13	0	0	0	0	0	0	0	0	0	0	0	0.025595	4.2628	9.2465	13.825	16.528	17.762	18.317	18.326	17.676	17.512	16.868	16.57	15.988	15.866	15.545	15.41	14.98	15.015	14.79	14.725	14.161	13.611	10.991	8.4556	0.28904	0	0	0	0	0	0	0	0	0	0	0	0
70	6	17	0	0	0	0	0	0	0	0	0	0	0	0.025599	4.2735	9.2603	13.902	16.905	18.55	19.76	20.199	19.991	20.147	19.771	19.641	19.167	19.034	18.659	18.431	17.916	17.688	17.204	16.678	15.646	14.439	11.161	8.497	0.28998	0	0	0	0	0	0	0	0	0	0	0	0
70	6	21	0	0	0	0	0	0	0	0	0	0	0	0.0256	4.2758	9.2933	13.951	16.998	18.797	20.319	20.989	21.06	21.416	21.245	21.254	20.899	20.769	20.369	20.066	19.488	19.073	18.402	17.573	16.272	14.743	11.204	8.5032	0.29003	0	0	0	0	0	0	0	0	0	0	0	0
70	6	25	0	0	0	0	0	0	0	0	0	0	0	0.025601	4.2762	9.2968	13.981	17.054	18.875	20.538	21.317	21.551	22.018	21.974	22.073	21.806	21.681	21.266	20.918	20.306	19.762	18.979	17.974	16.531	14.856	11.216	8.5281	0.29003	0	0	0	0	0	0	0	0	0	0	0	0
70	6	29	0	0	0	0	0	0	0	0	0	0	0	0.025601	4.2764	9.2985	13.987	17.096	18.934	20.626	21.448	21.775	22.305	22.341	22.489	22.278	22.158	21.735	21.359	20.731	20.11	19.266	18.164	16.65	14.895	11.245	8.5309	0.29001	0	0	0	0	0	0	0	0	0	0	0	0
70	6	33	0	0	0	0	0	0	0	0	0	0	0	0.025601	4.2765	9.2996	13.991	17.112	18.98	20.69	21.53	21.878	22.435	22.525	22.699	22.529	22.414	21.979	21.585	20.957	20.282	19.405	18.237	16.696	14.916	11.249	8.5325	0.28999	0	0	0	0	0	0	0	0	0	0	0	0
70	7	13	0	0	0	0	0	0	0	0	0	0	0	0.025607	4.2709	9.2753	13.862	16.502	17.627	17.972	17.847	17.09	16.859	16.194	15.817	15.202	15.08	14.808	14.696	14.305	14.417	14.293	14.431	14.068	13.686	11.093	8.5476	0.28964	0	0	0	0	0	0	0	0	0	0	0	0
70	7	17	0	0	0	0	0	0	0	0	0	0	0	0.025611	4.2798	9.2885	13.987	16.998	18.622	19.727	20.092	19.801	19.905	19.488	19.307	18.781	18.656	18.327	18.137	17.676	17.545	17.156	16.756	15.819	14.701	11.306	8.6071	0.29074	0	0	0	0	0	0	0	0	0	0	0	0
70	7	21	0	0	0	0	0	0	0	0	0	0	0	0.025612	4.2843	9.3232	14.006	17.131	18.958	20.454	21.099	21.135	21.475	21.282	21.269	20.878	20.762	20.408	20.143	19.602	19.251	18.645	17.886	16.604	15.073	11.362	8.6134	0.29075	0	0	0	0	0	0	0	0	0	0	0	0
70	7	25	0	0	0	0	0	0	0	0	0	0	0	0.025613	4.285	9.3315	14.062	17.182	19.07	20.758	21.551	21.787	22.263	22.232	22.332	22.051	21.948	21.568	21.25	20.665	20.157	19.413	18.409	16.953	15.21	11.374	8.6366	0.29079	0	0	0	0	0	0	0	0	0	0	0	0
70	7	29	0	0	0	0	0	0	0	0	0	0	0	0.025614	4.2852	9.3335	14.072	17.233	19.12	20.889	21.75	22.103	22.657	22.728	22.893	22.692	22.592	22.199	21.843	21.241	20.625	19.793	18.656	17.109	15.274	11.406	8.6417	0.29079	0	0	0	0	0	0	0	0	0	0	0	0
70	7	33	0	0	0	0	0	0	0	0	0	0	0	0.025614	4.2854	9.3345	14.076	17.257	19.176	20.95	21.839	22.256	22.854	22.993	23.19	23.041	22.946	22.543	22.164	21.55	20.872	19.996	18.782	17.189	15.295	11.414	8.6434	0.29078	0	0	0	0	0	0	0	0	0	0	0	0
70	8	13	0	0	0	0	0	0	0	0	0	0	0	0.025615	4.2769	9.2902	13.867	16.424	17.419	17.56	17.294	16.45	16.157	15.468	15.048	14.411	14.283	14.055	13.954	13.616	13.769	13.722	14.031	13.848	13.723	11.134	8.6056	0.29016	0	0	0	0	0	0	0	0	0	0	0	0
70	8	17	0	0	0	0	0	0	0	0	0	0	0	0.025637	4.2839	9.3131	14.041	17.039	18.617	19.604	19.869	19.492	19.537	19.08	18.858	18.264	18.157	17.867	17.73	17.296	17.266	16.969	16.713	15.876	14.874	11.395	8.6806	0.29141	0	0	0	0	0	0	0	0	0	0	0	0
70	8	21	0	0	0	0	0	0	0	0	0	0	0	0.025639	4.291	9.3411	14.056	17.221	19.045	20.494	21.089	21.067	21.379	21.169	21.133	20.689	20.597	20.273	20.056	19.533	19.285	18.73	18.031	16.805	15.301	11.471	8.6982	0.29145	0	0	0	0	0	0	0	0	0	0	0	0
70	8	25	0	0	0	0	0	0	0	0	0	0	0	0.02564	4.2917	9.357	14.117	17.277	19.202	20.886	21.667	21.882	22.355	22.328	22.426	22.119	22.037	21.682	21.401	20.841	20.392	19.668	18.678	17.237	15.47	11.496	8.7099	0.29147	0	0	0	0	0	0	0	0	0	0	0	0
70	8	29	0	0	0	0	0	0	0	0	0	0	0	0.025641	4.2921	9.3601	14.134	17.33	19.261	21.066	21.937	22.297	22.863	22.95	23.131	22.928	22.847	22.475	22.146	21.565	20.975	20.149	18.989	17.43	15.538	11.513	8.7219	0.29145	0	0	0	0	0	0	0	0	0	0	0	0
70	8	33	0	0	0	0	0	0	0	0	0	0	0	0.025641	4.2923	9.3613	14.139	17.361	19.309	21.148	22.059	22.504	23.127	23.29	23.513	23.38	23.3	22.917	22.557	21.964	21.289	20.403	19.15	17.528	15.562	11.529	8.724	0.29144	0	0	0	0	0	0	0	0	0	0	0	0
70	9	13	0	0	0	0	0	0	0	0	0	0	0	0.02564	4.2817	9.2954	13.847	16.311	17.171	17.107	16.711	15.807	15.463	14.762	14.326	13.671	13.532	13.341	13.237	12.954	13.127	13.15	13.598	13.583	13.709	11.131	8.6406	0.2908	0	0	0	0	0	0	0	0	0	0	0	0
70	9	17	0	0	0	0	0	0	0	0	0	0	0	0.025645	4.2866	9.333	14.066	17.043	18.562	19.409	19.581	19.108	19.101	18.616	18.361	17.713	17.602	17.359	17.248	16.837	16.929	16.725	16.578	15.857	14.958	11.449	8.7327	0.292	0	0	0	0	0	0	0	0	0	0	0	0
70	9	21	0	0	0	0	0	0	0	0	0	0	0	0.025647	4.2957	9.3487	14.104	17.281	19.088	20.47	21.014	20.926	21.21	20.975	20.93	20.456	20.354	20.065	19.881	19.406	19.219	18.717	18.101	16.933	15.442	11.545	8.7572	0.29216	0	0	0	0	0	0	0	0	0	0	0	0
70	9	25	0	0	0	0	0	0	0	0	0	0	0	0.025648	4.2971	9.3747	14.146	17.352	19.287	20.951	21.711	21.888	22.354	22.315	22.423	22.103	22.014	21.688	21.444	20.914	20.499	19.791	18.842	17.425	15.634	11.574	8.7585	0.2921	0	0	0	0	0	0	0	0	0	0	0	0
70	9	29	0	0	0	0	0	0	0	0	0	0	0	0.02565	4.2975	9.3789	14.178	17.393	19.363	21.174	22.049	22.395	22.969	23.066	23.266	23.058	22.983	22.631	22.327	21.768	21.185	20.365	19.226	17.655	15.713	11.582	8.7818	0.29223	0	0	0	0	0	0	0	0	0	0	0	0
70	9	33	0	0	0	0	0	0	0	0	0	0	0	0.02565	4.2978	9.3809	14.185	17.434	19.404	21.286	22.213	22.663	23.3	23.485	23.734	23.606	23.535	23.162	22.818	22.246	21.564	20.678	19.411	17.771	15.747	11.612	8.7848	0.29221	0	0	0	0	0	0	0	0	0	0	0	0
85	4	13	0	0	0	0	0	0	0	0	0	0	0	0.02556	4.2371	9.1337	13.593	16.36	17.815	18.877	19.246	18.972	19.065	18.638	18.548	18.076	17.92	17.485	17.215	16.652	16.367	15.836	15.265	14.193	13.198	10.502	8.089	0.28773	0	0	0	0	0	0	0	0	0	0	0	0
85	4	17	0	0	0	0	0	0	0	0	0	0	0	0.025561	4.2474	9.1751	13.646	16.457	18.071	19.419	19.998	19.974	20.25	19.997	20.009	19.622	19.462	18.988	18.648	18.013	17.561	16.864	16.055	14.766	13.509	10.557	8.0893	0.28775	0	0	0	0	0	0	0	0	0	0	0	0
85	4	21	0	0	0	0	0	0	0	0	0	0	0	0.025561	4.2477	9.1789	13.681	16.547	18.148	19.56	20.193	20.295	20.651	20.49	20.559	20.218	20.058	19.573	19.199	18.532	18.003	17.233	16.318	14.939	13.575	10.594	8.1232	0.28781	0	0	0	0	0	0	0	0	0	0	0	0
85	4	25	0	0	0	0	0	0	0	0	0	0	0	0.025561	4.2479	9.1796	13.686	16.577	18.231	19.64	20.29	20.4	20.762	20.631	20.707	20.409	20.251	19.761	19.361	18.698	18.107	17.305	16.35	14.951	13.62	10.61	8.1259	0.28778	0	0	0	0	0	0	0	0	0	0	0	0
85	4	29	0	0	0	0	0	0	0	0	0	0	0	0.025561	4.2479	9.1808	13.685	16.564	18.244	19.712	20.374	20.477	20.853	20.715	20.799	20.478	20.31	19.821	19.424	18.742	18.164	17.383	16.44	15.055	13.668	10.614	8.1271	0.28771	0	0	0	0	0	0	0	0	0	0	0	0
85	4	33	0	0	0	0	0	0	0	0	0	0	0	0.025561	4.248	9.1811	13.688	16.559	18.233	19.725	20.417	20.559	20.952	20.819	20.91	20.592	20.429	19.935	19.545	18.859	18.289	17.487	16.512	15.085	13.676	10.616	8.1272	0.28765	0	0	0	0	0	0	0	0	0	0	0	0
85	5	13	0	0	0	0	0	0	0	0	0	0	0	0.025581	4.2526	9.201	13.766	16.594	18.073	19.091	19.411	19.086	19.145	18.676	18.542	18.05	17.912	17.515	17.288	16.777	16.57	16.115	15.652	14.7	13.763	10.859	8.3228	0.28874	0	0	0	0	0	0	0	0	0	0	0	0
85	5	17	0	0	0	0	0	0	0	0	0	0	0	0.025583	4.2639	9.2387	13.791	16.767	18.479	19.895	20.503	20.511	20.815	20.583	20.59	20.214	20.071	19.635	19.319	18.725	18.297	17.624	16.828	15.559	14.218	10.946	8.3343	0.28903	0	0	0	0	0	0	0	0	0	0	0	0
85	5	21	0	0	0	0	0	0	0	0	0	0	0	0.025584	4.2644	9.2479	13.857	16.833	18.569	20.136	20.862	21.042	21.462	21.361	21.452	21.158	21.016	20.563	20.2	19.566	19.015	18.229	17.264	15.855	14.348	10.958	8.3658	0.28906	0	0	0	0	0	0	0	0	0	0	0	0
85	5	25	0	0	0	0	0	0	0	0	0	0	0	0.025584	4.2645	9.2496	13.865	16.886	18.647	20.222	20.977	21.227	21.703	21.681	21.814	21.565	21.428	20.967	20.58	19.924	19.31	18.479	17.425	15.961	14.373	10.999	8.3692	0.28906	0	0	0	0	0	0	0	0	0	0	0	0
85	5	29	0	0	0	0	0	0	0	0	0	0	0	0.025584	4.2646	9.2503	13.868	16.897	18.691	20.296	21.055	21.312	21.796	21.788	21.92	21.709	21.574	21.117	20.706	20.067	19.403	18.534	17.458	15.964	14.43	11.004	8.3707	0.28905	0	0	0	0	0	0	0	0	0	0	0	0
85	5	33	0	0	0	0	0	0	0	0	0	0	0	0.025584	4.2646	9.2507	13.869	16.895	18.702	20.338	21.124	21.377	21.867	21.861	22.011	21.783	21.64	21.178	20.767	20.111	19.453	18.595	17.525	16.055	14.452	11.007	8.3715	0.289	0	0	0	0	0	0	0	0	0	0	0	0
85	6	13	0	0	0	0	0	0	0	0	0	0	0	0.025597	4.2634	9.2483	13.86	16.7	18.145	19.049	19.285	18.878	18.882	18.375	18.169	17.641	17.513	17.161	16.977	16.511	16.41	16.055	15.737	14.929	14.028	11.065	8.4727	0.28917	0	0	0	0	0	0	0	0	0	0	0	0
85	6	17	0	0	0	0	0	0	0	0	0	0	0	0.025599	4.2741	9.2687	13.9	16.96	18.704	20.121	20.717	20.706	20.999	20.768	20.736	20.348	20.215	19.823	19.542	18.986	18.626	18.011	17.276	16.056	14.629	11.186	8.5018	0.28999	0	0	0	0	0	0	0	0	0	0	0	0
85	6	21	0	0	0	0	0	0	0	0	0	0	0	0.0256	4.276	9.295	13.969	17.017	18.844	20.482	21.244	21.449	21.898	21.839	21.923	21.645	21.52	21.105	20.764	20.16	19.634	18.868	17.89	16.473	14.822	11.204	8.5207	0.29002	0	0	0	0	0	0	0	0	0	0	0	0
85	6	25	0	0	0	0	0	0	0	0	0	0	0	0.025601	4.2763	9.2978	13.985	17.083	18.91	20.612	21.431	21.755	22.278	22.316	22.462	22.251	22.13	21.707	21.331	20.707	20.084	19.241	18.143	16.636	14.889	11.241	8.5298	0.29002	0	0	0	0	0	0	0	0	0	0	0	0
85	6	29	0	0	0	0	0	0	0	0	0	0	0	0.025601	4.2765	9.2992	13.99	17.11	18.974	20.678	21.521	21.875	22.433	22.531	22.705	22.541	22.426	21.991	21.595	20.967	20.287	19.407	18.235	16.693	14.906	11.249	8.532	0.29	0	0	0	0	0	0	0	0	0	0	0	0
85	6	33	0	0	0	0	0	0	0	0	0	0	0	0.025601	4.2765	9.2998	13.992	17.118	18.998	20.739	21.578	21.949	22.512	22.619	22.792	22.649	22.529	22.108	21.692	21.069	20.35	19.447	18.268	16.711	14.958	11.253	8.533	0.28997	0	0	0	0	0	0	0	0	0	0	0	0
85	7	13	0	0	0	0	0	0	0	0	0	0	0	0.025609	4.2717	9.2819	13.914	16.735	18.116	18.87	19.006	18.499	18.441	17.901	17.626	17.047	16.926	16.617	16.476	16.051	16.049	15.801	15.648	14.98	14.204	11.186	8.571	0.28968	0	0	0	0	0	0	0	0	0	0	0	0
85	7	17	0	0	0	0	0	0	0	0	0	0	0	0.025612	4.2806	9.2915	13.99	17.081	18.831	20.203	20.76	20.701	20.969	20.711	20.651	20.221	20.103	19.756	19.513	18.998	18.705	18.168	17.518	16.34	14.941	11.338	8.611	0.29076	0	0	0	0	0	0	0	0	0	0	0	0
85	7	21	0	0	0	0	0	0	0	0	0	0	0	0.025613	4.2847	9.3287	14.039	17.153	19.043	20.691	21.458	21.662	22.119	22.067	22.148	21.856	21.751	21.374	21.063	20.486	19.997	19.274	18.305	16.877	15.176	11.373	8.6149	0.29078	0	0	0	0	0	0	0	0	0	0	0	0
85	7	25	0	0	0	0	0	0	0	0	0	0	0	0.025613	4.2851	9.3327	14.069	17.217	19.1	20.873	21.728	22.078	22.631	22.699	22.865	22.665	22.564	22.172	21.815	21.216	20.596	19.767	18.633	17.089	15.262	11.394	8.6403	0.2908	0	0	0	0	0	0	0	0	0	0	0	0
85	7	29	0	0	0	0	0	0	0	0	0	0	0	0.025614	4.2853	9.3341	14.075	17.254	19.167	20.945	21.833	22.256	22.859	23.007	23.208	23.065	22.97	22.567	22.184	21.569	20.884	20.003	18.782	17.184	15.284	11.412	8.6429	0.2908	0	0	0	0	0	0	0	0	0	0	0	0
85	7	33	0	0	0	0	0	0	0	0	0	0	0	0.025614	4.2854	9.3349	14.077	17.266	19.203	21.004	21.914	22.341	22.956	23.147	23.363	23.262	23.166	22.761	22.36	21.757	21.021	20.101	18.824	17.204	15.323	11.417	8.6441	0.29078	0	0	0	0	0	0	0	0	0	0	0	0
85	8	13	0	0	0	0	0	0	0	0	0	0	0	0.025617	4.2782	9.3011	13.935	16.716	18.01	18.609	18.626	18.022	17.908	17.324	17.005	16.373	16.256	15.994	15.881	15.498	15.585	15.429	15.458	14.919	14.296	11.248	8.636	0.29025	0	0	0	0	0	0	0	0	0	0	0	0
85	8	17	0	0	0	0	0	0	0	0	0	0	0	0.025638	4.2847	9.3147	14.055	17.147	18.881	20.187	20.68	20.557	20.79	20.507	20.414	19.943	19.841	19.523	19.327	18.839	18.653	18.177	17.603	16.488	15.138	11.436	8.6905	0.29144	0	0	0	0	0	0	0	0	0	0	0	0
85	8	21	0	0	0	0	0	0	0	0	0	0	0	0.02564	4.2914	9.3497	14.072	17.256	19.16	20.803	21.549	21.732	22.181	22.132	22.211	21.885	21.805	21.454	21.18	20.63	20.2	19.501	18.551	17.142	15.423	11.485	8.6907	0.29145	0	0	0	0	0	0	0	0	0	0	0	0
85	8	25	0	0	0	0	0	0	0	0	0	0	0	0.025641	4.292	9.3589	14.129	17.305	19.247	21.044	21.912	22.27	22.835	22.926	23.104	22.903	22.822	22.45	22.119	21.54	20.947	20.122	18.964	17.411	15.525	11.492	8.72	0.29147	0	0	0	0	0	0	0	0	0	0	0	0
85	8	29	0	0	0	0	0	0	0	0	0	0	0	0.025641	4.2923	9.3608	14.138	17.355	19.299	21.145	22.058	22.515	23.14	23.313	23.541	23.417	23.337	22.954	22.587	21.994	21.307	20.414	19.152	17.526	15.558	11.527	8.7234	0.29144	0	0	0	0	0	0	0	0	0	0	0	0
85	8	33	0	0	0	0	0	0	0	0	0	0	0	0.025641	4.2924	9.3618	14.141	17.375	19.348	21.196	22.137	22.625	23.282	23.509	23.763	23.686	23.606	23.215	22.826	22.229	21.486	20.558	19.231	17.575	15.592	11.532	8.7249	0.29143	0	0	0	0	0	0	0	0	0	0	0	0
85	9	13	0	0	0	0	0	0	0	0	0	0	0	0.025602	4.2832	9.309	13.931	16.656	17.853	18.286	18.19	17.499	17.329	16.722	16.359	15.691	15.575	15.36	15.266	14.909	15.077	14.996	15.196	14.778	14.324	11.271	8.6773	0.29083	0	0	0	0	0	0	0	0	0	0	0	0
85	9	17	0	0	0	0	0	0	0	0	0	0	0	0.025646	4.2877	9.3354	14.097	17.187	18.894	20.114	20.545	20.351	20.549	20.245	20.14	19.619	19.504	19.236	19.075	18.622	18.52	18.097	17.618	16.57	15.273	11.502	8.7468	0.29214	0	0	0	0	0	0	0	0	0	0	0	0
85	9	21	0	0	0	0	0	0	0	0	0	0	0	0.025647	4.2964	9.3581	14.104	17.33	19.236	20.851	21.575	21.72	22.157	22.095	22.183	21.849	21.755	21.429	21.198	20.678	20.291	19.609	18.704	17.325	15.582	11.565	8.757	0.29213	0	0	0	0	0	0	0	0	0	0	0	0
85	9	25	0	0	0	0	0	0	0	0	0	0	0	0.025649	4.2974	9.3771	14.169	17.373	19.346	21.152	22.023	22.368	22.941	23.043	23.239	23.037	22.96	22.608	22.301	21.744	21.159	20.335	19.195	17.633	15.699	11.573	8.7764	0.29223	0	0	0	0	0	0	0	0	0	0	0	0
85	9	29	0	0	0	0	0	0	0	0	0	0	0	0.02565	4.2977	9.3803	14.184	17.428	19.394	21.282	22.216	22.678	23.321	23.519	23.772	23.657	23.585	23.212	22.86	22.289	21.591	20.694	19.416	17.767	15.739	11.607	8.7841	0.29222	0	0	0	0	0	0	0	0	0	0	0	0
85	9	33	0	0	0	0	0	0	0	0	0	0	0	0.02565	4.2979	9.3815	14.188	17.454	19.453	21.335	22.303	22.823	23.5	23.765	24.043	23.985	23.909	23.53	23.15	22.572	21.806	20.874	19.52	17.839	15.762	11.617	8.7861	0.29217	0	0	0	0	0	0	0	0	0	0	0	0
